0.000377216144851 0.84615384615385
0.000754432289702 0.67948717948718
0.001131648434553 0.3974358974359
0.001508864579404 0.19230769230769
0.001886080724255 0.038461538461538
0.002263296869106 0.076923076923077
0.002640513013957 0.15384615384615
0.003017729158808 0.23076923076923
0.003394945303659 0.29487179487179
0.00377216144851 0.34615384615385
0.004149377593361 0.38461538461538
0.004526593738212 0.41025641025641
0.004903809883063 0.44871794871795
0.005281026027914 0.48717948717949
0.005658242172765 0.58974358974359
0.006035458317616 0.69230769230769
0.006412674462467 0.80769230769231
0.006789890607318 0.84615384615385
0.007167106752169 0.85897435897436
0.00754432289702 0.88461538461538
0.007921539041871 0.8974358974359
0.008298755186722 0.8974358974359
0.008675971331573 0.92307692307692
0.009053187476424 0.94871794871795
0.009430403621275 0.96153846153846
0.009807619766126 0.97435897435897
0.010184835910977 0.98717948717949
0.010562052055828 0.98717948717949
0.010939268200679 0.98717948717949
0.01131648434553 0.98717948717949
0.011693700490381 0.98717948717949
0.012070916635232 0.97435897435897
0.012448132780083 0.94871794871795
0.012825348924934 0.93589743589744
0.013202565069785 0.88461538461538
0.013579781214636 0.83333333333333
0.013956997359487 0.78205128205128
0.014334213504338 0.73076923076923
0.014711429649189 0.67948717948718
0.01508864579404 0.64102564102564
0.015465861938891 0.62820512820513
0.015843078083742 0.70512820512821
0.016220294228593 0.78205128205128
0.016597510373444 0.82051282051282
0.016974726518295 0.82051282051282
0.017351942663146 0.66666666666667
0.017729158807997 0.29487179487179
0.018106374952848 0.1025641025641
0.018483591097699 0.038461538461538
0.01886080724255 0.076923076923077
0.019238023387401 0.11538461538462
0.019615239532252 0.16666666666667
0.019992455677103 0.21794871794872
0.020369671821954 0.25641025641026
0.020746887966805 0.30769230769231
0.021124104111656 0.34615384615385
0.021501320256507 0.37179487179487
0.021878536401358 0.41025641025641
0.022255752546209 0.46153846153846
0.02263296869106 0.53846153846154
0.023010184835911 0.66666666666667
0.023387400980762 0.80769230769231
0.023764617125613 0.84615384615385
0.024141833270464 0.87179487179487
0.024519049415315 0.8974358974359
0.024896265560166 0.91025641025641
0.025273481705017 0.91025641025641
0.025650697849868 0.92307692307692
0.026027913994719 0.92307692307692
0.02640513013957 0.93589743589744
0.026782346284421 0.96153846153846
0.027159562429272 0.97435897435897
0.027536778574123 0.98717948717949
0.027913994718974 0.98717948717949
0.028291210863825 0.98717948717949
0.028668427008676 0.98717948717949
0.029045643153527 0.98717948717949
0.029422859298378 0.96153846153846
0.029800075443229 0.93589743589744
0.03017729158808 0.87179487179487
0.030554507732931 0.79487179487179
0.030931723877782 0.73076923076923
0.031308940022633 0.69230769230769
0.031686156167484 0.66666666666667
0.032063372312335 0.64102564102564
0.032440588457186 0.62820512820513
0.032817804602037 0.69230769230769
0.033195020746888 0.78205128205128
0.033572236891739 0.82051282051282
0.03394945303659 0.82051282051282
0.034326669181441 0.67948717948718
0.034703885326292 0.32051282051282
0.035081101471143 0.038461538461538
0.035458317615994 0.076923076923077
0.035835533760845 0.12820512820513
0.036212749905696 0.17948717948718
0.036589966050547 0.23076923076923
0.036967182195398 0.28205128205128
0.037344398340249 0.32051282051282
0.0377216144851 0.37179487179487
0.038098830629951 0.42307692307692
0.038476046774802 0.48717948717949
0.038853262919653 0.56410256410256
0.039230479064504 0.76923076923077
0.039607695209355 0.80769230769231
0.039984911354206 0.83333333333333
0.040362127499057 0.84615384615385
0.040739343643908 0.85897435897436
0.041116559788759 0.87179487179487
0.04149377593361 0.88461538461538
0.041870992078461 0.8974358974359
0.042248208223312 0.91025641025641
0.042625424368163 0.93589743589744
0.043002640513014 0.94871794871795
0.043379856657865 0.96153846153846
0.043757072802716 0.97435897435897
0.044134288947567 0.98717948717949
0.044511505092418 0.98717948717949
0.044888721237269 0.98717948717949
0.04526593738212 0.98717948717949
0.045643153526971 0.97435897435897
0.046020369671822 0.96153846153846
0.046397585816673 0.92307692307692
0.046774801961524 0.76923076923077
0.047152018106375 0.82051282051282
0.047529234251226 0.83333333333333
0.047906450396077 0.83333333333333
0.048283666540928 0.30769230769231
0.048660882685779 0.1025641025641
0.04903809883063 0.038461538461538
0.049415314975481 0.076923076923077
0.049792531120332 0.11538461538462
0.050169747265183 0.19230769230769
0.050546963410034 0.25641025641026
0.050924179554885 0.32051282051282
0.051301395699736 0.37179487179487
0.051678611844587 0.41025641025641
0.052055827989438 0.44871794871795
0.052433044134289 0.48717948717949
0.05281026027914 0.56410256410256
0.053187476423991 0.76923076923077
0.053564692568842 0.82051282051282
0.053941908713693 0.84615384615385
0.054319124858544 0.87179487179487
0.054696341003395 0.88461538461538
0.055073557148246 0.8974358974359
0.055450773293097 0.91025641025641
0.055827989437948 0.91025641025641
0.056205205582799 0.92307692307692
0.05658242172765 0.93589743589744
0.056959637872501 0.96153846153846
0.057336854017352 0.97435897435897
0.057714070162203 0.98717948717949
0.058091286307054 0.98717948717949
0.058468502451905 0.98717948717949
0.058845718596756 0.98717948717949
0.059222934741607 0.96153846153846
0.059600150886458 0.92307692307692
0.059977367031309 0.84615384615385
0.06035458317616 0.75641025641026
0.060731799321011 0.80769230769231
0.061109015465862 0.82051282051282
0.061486231610713 0.82051282051282
0.061863447755564 0.74358974358974
0.062240663900415 0.58974358974359
0.062617880045266 0.17948717948718
0.062995096190117 0.051282051282051
0.063372312334968 0.076923076923077
0.063749528479819 0.11538461538462
0.06412674462467 0.20512820512821
0.064503960769521 0.26923076923077
0.064881176914372 0.30769230769231
0.065258393059223 0.34615384615385
0.065635609204074 0.38461538461538
0.066012825348925 0.41025641025641
0.066390041493776 0.5
0.066767257638627 0.64102564102564
0.067144473783478 0.76923076923077
0.067521689928329 0.82051282051282
0.06789890607318 0.85897435897436
0.068276122218031 0.87179487179487
0.068653338362882 0.88461538461538
0.069030554507733 0.8974358974359
0.069407770652584 0.91025641025641
0.069784986797435 0.92307692307692
0.070162202942286 0.93589743589744
0.070539419087137 0.96153846153846
0.070916635231988 0.97435897435897
0.071293851376839 0.97435897435897
0.07167106752169 0.98717948717949
0.072048283666541 0.98717948717949
0.072425499811392 0.98717948717949
0.072802715956243 0.98717948717949
0.073179932101094 0.98717948717949
0.073557148245945 0.97435897435897
0.073934364390796 0.94871794871795
0.074311580535647 0.79487179487179
0.074688796680498 0.78205128205128
0.075066012825349 0.83333333333333
0.0754432289702 0.83333333333333
0.075820445115051 0.70512820512821
0.076197661259902 0.34615384615385
0.076574877404753 0.14102564102564
0.076952093549604 0.038461538461538
0.077329309694455 0.064102564102564
0.077706525839306 0.1025641025641
0.078083741984157 0.15384615384615
0.078460958129008 0.20512820512821
0.078838174273859 0.25641025641026
0.07921539041871 0.30769230769231
0.079592606563561 0.35897435897436
0.079969822708412 0.3974358974359
0.080347038853263 0.44871794871795
0.080724254998114 0.51282051282051
0.081101471142965 0.6025641025641
0.081478687287816 0.73076923076923
0.081855903432667 0.83333333333333
0.082233119577518 0.87179487179487
0.082610335722369 0.88461538461538
0.08298755186722 0.8974358974359
0.083364768012071 0.91025641025641
0.083741984156922 0.91025641025641
0.084119200301773 0.92307692307692
0.084496416446624 0.92307692307692
0.084873632591475 0.94871794871795
0.085250848736326 0.96153846153846
0.085628064881177 0.97435897435897
0.086005281026028 0.98717948717949
0.086382497170879 0.98717948717949
0.08675971331573 0.98717948717949
0.087136929460581 0.98717948717949
0.087514145605432 0.97435897435897
0.087891361750283 0.94871794871795
0.088268577895134 0.92307692307692
0.088645794039985 0.76923076923077
0.089023010184836 0.76923076923077
0.089400226329687 0.82051282051282
0.089777442474538 0.83333333333333
0.090154658619389 0.82051282051282
0.09053187476424 0.23076923076923
0.090909090909091 0.051282051282051
0.091286307053942 0.076923076923077
0.091663523198793 0.12820512820513
0.092040739343644 0.16666666666667
0.092417955488495 0.20512820512821
0.092795171633346 0.23076923076923
0.093172387778197 0.28205128205128
0.093549603923048 0.32051282051282
0.093926820067899 0.37179487179487
0.09430403621275 0.43589743589744
0.094681252357601 0.53846153846154
0.095058468502452 0.66666666666667
0.095435684647303 0.78205128205128
0.095812900792154 0.84615384615385
0.096190116937005 0.87179487179487
0.096567333081856 0.88461538461538
0.096944549226707 0.8974358974359
0.097321765371558 0.91025641025641
0.097698981516409 0.91025641025641
0.09807619766126 0.93589743589744
0.098453413806111 0.94871794871795
0.098830629950962 0.96153846153846
0.099207846095813 0.97435897435897
0.099585062240664 0.98717948717949
0.099962278385515 0.98717948717949
0.10033949453037 0.98717948717949
0.10071671067522 0.98717948717949
0.10109392682007 0.97435897435897
0.10147114296492 0.96153846153846
0.10184835910977 0.92307692307692
0.10222557525462 0.80769230769231
0.10260279139947 0.76923076923077
0.10298000754432 0.82051282051282
0.10335722368917 0.82051282051282
0.10373443983402 0.78205128205128
0.10411165597888 0.52564102564103
0.10448887212373 0.26923076923077
0.10486608826858 0.064102564102564
0.10524330441343 0.1025641025641
0.10562052055828 0.14102564102564
0.10599773670313 0.21794871794872
0.10637495284798 0.24358974358974
0.10675216899283 0.26923076923077
0.10712938513768 0.30769230769231
0.10750660128253 0.34615384615385
0.10788381742739 0.38461538461538
0.10826103357224 0.44871794871795
0.10863824971709 0.55128205128205
0.10901546586194 0.67948717948718
0.10939268200679 0.79487179487179
0.10976989815164 0.84615384615385
0.11014711429649 0.87179487179487
0.11052433044134 0.88461538461538
0.11090154658619 0.91025641025641
0.11127876273104 0.91025641025641
0.1116559788759 0.92307692307692
0.11203319502075 0.92307692307692
0.1124104111656 0.94871794871795
0.11278762731045 0.97435897435897
0.1131648434553 0.98717948717949
0.11354205960015 0.98717948717949
0.113919275745 0.98717948717949
0.11429649188985 0.98717948717949
0.1146737080347 0.98717948717949
0.11505092417955 0.97435897435897
0.11542814032441 0.96153846153846
0.11580535646926 0.93589743589744
0.11618257261411 0.88461538461538
0.11655978875896 0.76923076923077
0.11693700490381 0.83333333333333
0.11731422104866 0.84615384615385
0.11769143719351 0.83333333333333
0.11806865333836 0.44871794871795
0.11844586948321 0.1025641025641
0.11882308562806 0.038461538461538
0.11920030177292 0.064102564102564
0.11957751791777 0.11538461538462
0.11995473406262 0.16666666666667
0.12033195020747 0.25641025641026
0.12070916635232 0.32051282051282
0.12108638249717 0.35897435897436
0.12146359864202 0.3974358974359
0.12184081478687 0.42307692307692
0.12221803093172 0.48717948717949
0.12259524707657 0.58974358974359
0.12297246322143 0.69230769230769
0.12334967936628 0.82051282051282
0.12372689551113 0.85897435897436
0.12410411165598 0.88461538461538
0.12448132780083 0.8974358974359
0.12485854394568 0.8974358974359
0.12523576009053 0.91025641025641
0.12561297623538 0.91025641025641
0.12599019238023 0.92307692307692
0.12636740852508 0.94871794871795
0.12674462466994 0.96153846153846
0.12712184081479 0.97435897435897
0.12749905695964 0.98717948717949
0.12787627310449 0.98717948717949
0.12825348924934 0.98717948717949
0.12863070539419 0.98717948717949
0.12900792153904 0.97435897435897
0.12938513768389 0.94871794871795
0.12976235382874 0.92307692307692
0.13013956997359 0.83333333333333
0.13051678611845 0.78205128205128
0.1308940022633 0.82051282051282
0.13127121840815 0.82051282051282
0.131648434553 0.70512820512821
0.13202565069785 0.41025641025641
0.1324028668427 0.12820512820513
0.13278008298755 0.038461538461538
0.1331572991324 0.064102564102564
0.13353451527725 0.1025641025641
0.1339117314221 0.15384615384615
0.13428894756696 0.23076923076923
0.13466616371181 0.28205128205128
0.13504337985666 0.33333333333333
0.13542059600151 0.37179487179487
0.13579781214636 0.41025641025641
0.13617502829121 0.44871794871795
0.13655224443606 0.52564102564103
0.13692946058091 0.65384615384615
0.13730667672576 0.78205128205128
0.13768389287061 0.84615384615385
0.13806110901547 0.87179487179487
0.13843832516032 0.88461538461538
0.13881554130517 0.8974358974359
0.13919275745002 0.91025641025641
0.13956997359487 0.91025641025641
0.13994718973972 0.92307692307692
0.14032440588457 0.94871794871795
0.14070162202942 0.96153846153846
0.14107883817427 0.97435897435897
0.14145605431912 0.98717948717949
0.14183327046398 0.98717948717949
0.14221048660883 0.98717948717949
0.14258770275368 0.98717948717949
0.14296491889853 0.97435897435897
0.14334213504338 0.96153846153846
0.14371935118823 0.92307692307692
0.14409656733308 0.82051282051282
0.14447378347793 0.78205128205128
0.14485099962278 0.84615384615385
0.14522821576763 0.84615384615385
0.14560543191249 0.80769230769231
0.14598264805734 0.47435897435897
0.14635986420219 0.15384615384615
0.14673708034704 0.051282051282051
0.14711429649189 0.076923076923077
0.14749151263674 0.11538461538462
0.14786872878159 0.16666666666667
0.14824594492644 0.25641025641026
0.14862316107129 0.32051282051282
0.14900037721614 0.37179487179487
0.149377593361 0.41025641025641
0.14975480950585 0.44871794871795
0.1501320256507 0.47435897435897
0.15050924179555 0.56410256410256
0.1508864579404 0.65384615384615
0.15126367408525 0.74358974358974
0.1516408902301 0.83333333333333
0.15201810637495 0.85897435897436
0.1523953225198 0.88461538461538
0.15277253866465 0.8974358974359
0.15314975480951 0.91025641025641
0.15352697095436 0.91025641025641
0.15390418709921 0.91025641025641
0.15428140324406 0.94871794871795
0.15465861938891 0.96153846153846
0.15503583553376 0.97435897435897
0.15541305167861 0.98717948717949
0.15579026782346 0.98717948717949
0.15616748396831 0.98717948717949
0.15654470011316 0.98717948717949
0.15692191625802 0.97435897435897
0.15729913240287 0.96153846153846
0.15767634854772 0.93589743589744
0.15805356469257 0.80769230769231
0.15843078083742 0.78205128205128
0.15880799698227 0.82051282051282
0.15918521312712 0.83333333333333
0.15956242927197 0.82051282051282
0.15993964541682 0.56410256410256
0.16031686156167 0.25641025641026
0.16069407770653 0.051282051282051
0.16107129385138 0.08974358974359
0.16144850999623 0.12820512820513
0.16182572614108 0.17948717948718
0.16220294228593 0.21794871794872
0.16258015843078 0.26923076923077
0.16295737457563 0.32051282051282
0.16333459072048 0.38461538461538
0.16371180686533 0.47435897435897
0.16408902301018 0.56410256410256
0.16446623915504 0.65384615384615
0.16484345529989 0.74358974358974
0.16522067144474 0.82051282051282
0.16559788758959 0.84615384615385
0.16597510373444 0.87179487179487
0.16635231987929 0.88461538461538
0.16672953602414 0.8974358974359
0.16710675216899 0.91025641025641
0.16748396831384 0.91025641025641
0.16786118445869 0.93589743589744
0.16823840060355 0.96153846153846
0.1686156167484 0.97435897435897
0.16899283289325 0.98717948717949
0.1693700490381 0.98717948717949
0.16974726518295 0.98717948717949
0.1701244813278 0.98717948717949
0.17050169747265 0.98717948717949
0.1708789136175 0.97435897435897
0.17125612976235 0.96153846153846
0.1716333459072 0.93589743589744
0.17201056205206 0.87179487179487
0.17238777819691 0.78205128205128
0.17276499434176 0.83333333333333
0.17314221048661 0.85897435897436
0.17351942663146 0.84615384615385
0.17389664277631 0.65384615384615
0.17427385892116 0.34615384615385
0.17465107506601 0.064102564102564
0.17502829121086 0.11538461538462
0.17540550735571 0.16666666666667
0.17578272350057 0.23076923076923
0.17615993964542 0.29487179487179
0.17653715579027 0.34615384615385
0.17691437193512 0.38461538461538
0.17729158807997 0.42307692307692
0.17766880422482 0.44871794871795
0.17804602036967 0.48717948717949
0.17842323651452 0.52564102564103
0.17880045265937 0.69230769230769
0.17917766880422 0.83333333333333
0.17955488494908 0.85897435897436
0.17993210109393 0.88461538461538
0.18030931723878 0.8974358974359
0.18068653338363 0.8974358974359
0.18106374952848 0.91025641025641
0.18144096567333 0.91025641025641
0.18181818181818 0.91025641025641
0.18219539796303 0.93589743589744
0.18257261410788 0.96153846153846
0.18294983025273 0.97435897435897
0.18332704639759 0.98717948717949
0.18370426254244 0.98717948717949
0.18408147868729 0.98717948717949
0.18445869483214 0.98717948717949
0.18483591097699 0.98717948717949
0.18521312712184 0.96153846153846
0.18559034326669 0.94871794871795
0.18596755941154 0.91025641025641
0.18634477555639 0.75641025641026
0.18672199170124 0.80769230769231
0.1870992078461 0.83333333333333
0.18747642399095 0.82051282051282
0.1878536401358 0.52564102564103
0.18823085628065 0.08974358974359
0.1886080724255 0.064102564102564
0.18898528857035 0.11538461538462
0.1893625047152 0.15384615384615
0.18973972086005 0.20512820512821
0.1901169370049 0.25641025641026
0.19049415314975 0.30769230769231
0.19087136929461 0.35897435897436
0.19124858543946 0.41025641025641
0.19162580158431 0.44871794871795
0.19200301772916 0.52564102564103
0.19238023387401 0.62820512820513
0.19275745001886 0.73076923076923
0.19313466616371 0.82051282051282
0.19351188230856 0.85897435897436
0.19388909845341 0.88461538461538
0.19426631459826 0.8974358974359
0.19464353074312 0.91025641025641
0.19502074688797 0.91025641025641
0.19539796303282 0.91025641025641
0.19577517917767 0.92307692307692
0.19615239532252 0.94871794871795
0.19652961146737 0.96153846153846
0.19690682761222 0.97435897435897
0.19728404375707 0.98717948717949
0.19766125990192 0.98717948717949
0.19803847604677 0.98717948717949
0.19841569219163 0.98717948717949
0.19879290833648 0.98717948717949
0.19917012448133 0.97435897435897
0.19954734062618 0.96153846153846
0.19992455677103 0.92307692307692
0.20030177291588 0.74358974358974
0.20067898906073 0.79487179487179
0.20105620520558 0.83333333333333
0.20143342135043 0.82051282051282
0.20181063749528 0.70512820512821
0.20218785364014 0.41025641025641
0.20256506978499 0.051282051282051
0.20294228592984 0.076923076923077
0.20331950207469 0.11538461538462
0.20369671821954 0.15384615384615
0.20407393436439 0.20512820512821
0.20445115050924 0.23076923076923
0.20482836665409 0.26923076923077
0.20520558279894 0.30769230769231
0.20558279894379 0.35897435897436
0.20596001508865 0.42307692307692
0.2063372312335 0.53846153846154
0.20671444737835 0.66666666666667
0.2070916635232 0.80769230769231
0.20746887966805 0.85897435897436
0.2078460958129 0.87179487179487
0.20822331195775 0.88461538461538
0.2086005281026 0.8974358974359
0.20897774424745 0.91025641025641
0.2093549603923 0.91025641025641
0.20973217653716 0.92307692307692
0.21010939268201 0.92307692307692
0.21048660882686 0.96153846153846
0.21086382497171 0.97435897435897
0.21124104111656 0.98717948717949
0.21161825726141 0.98717948717949
0.21199547340626 0.98717948717949
0.21237268955111 0.98717948717949
0.21274990569596 0.97435897435897
0.21312712184081 0.96153846153846
0.21350433798567 0.93589743589744
0.21388155413052 0.87179487179487
0.21425877027537 0.74358974358974
0.21463598642022 0.79487179487179
0.21501320256507 0.83333333333333
0.21539041870992 0.83333333333333
0.21576763485477 0.78205128205128
0.21614485099962 0.48717948717949
0.21652206714447 0.19230769230769
0.21689928328932 0.08974358974359
0.21727649943418 0.12820512820513
0.21765371557903 0.17948717948718
0.21803093172388 0.21794871794872
0.21840814786873 0.25641025641026
0.21878536401358 0.30769230769231
0.21916258015843 0.37179487179487
0.21953979630328 0.43589743589744
0.21991701244813 0.53846153846154
0.22029422859298 0.67948717948718
0.22067144473783 0.76923076923077
0.22104866088269 0.82051282051282
0.22142587702754 0.85897435897436
0.22180309317239 0.87179487179487
0.22218030931724 0.8974358974359
0.22255752546209 0.8974358974359
0.22293474160694 0.91025641025641
0.22331195775179 0.92307692307692
0.22368917389664 0.94871794871795
0.22406639004149 0.96153846153846
0.22444360618634 0.97435897435897
0.2248208223312 0.98717948717949
0.22519803847605 0.98717948717949
0.2255752546209 0.98717948717949
0.22595247076575 0.98717948717949
0.2263296869106 0.98717948717949
0.22670690305545 0.98717948717949
0.2270841192003 0.97435897435897
0.22746133534515 0.93589743589744
0.22783855149 0.79487179487179
0.22821576763485 0.80769230769231
0.22859298377971 0.84615384615385
0.22897019992456 0.83333333333333
0.22934741606941 0.71794871794872
0.22972463221426 0.41025641025641
0.23010184835911 0.076923076923077
0.23047906450396 0.064102564102564
0.23085628064881 0.11538461538462
0.23123349679366 0.16666666666667
0.23161071293851 0.21794871794872
0.23198792908336 0.26923076923077
0.23236514522822 0.32051282051282
0.23274236137307 0.37179487179487
0.23311957751792 0.42307692307692
0.23349679366277 0.47435897435897
0.23387400980762 0.52564102564103
0.23425122595247 0.62820512820513
0.23462844209732 0.74358974358974
0.23500565824217 0.83333333333333
0.23538287438702 0.85897435897436
0.23576009053187 0.88461538461538
0.23613730667673 0.8974358974359
0.23651452282158 0.91025641025641
0.23689173896643 0.91025641025641
0.23726895511128 0.92307692307692
0.23764617125613 0.93589743589744
0.23802338740098 0.96153846153846
0.23840060354583 0.97435897435897
0.23877781969068 0.98717948717949
0.23915503583553 0.98717948717949
0.23953225198038 0.98717948717949
0.23990946812524 0.98717948717949
0.24028668427009 0.98717948717949
0.24066390041494 0.97435897435897
0.24104111655979 0.94871794871795
0.24141833270464 0.88461538461538
0.24179554884949 0.75641025641026
0.24217276499434 0.82051282051282
0.24254998113919 0.82051282051282
0.24292719728404 0.82051282051282
0.24330441342889 0.56410256410256
0.24368162957375 0.25641025641026
0.2440588457186 0.051282051282051
0.24443606186345 0.051282051282051
0.2448132780083 0.076923076923077
0.24519049415315 0.12820512820513
0.245567710298 0.16666666666667
0.24594492644285 0.19230769230769
0.2463221425877 0.23076923076923
0.24669935873255 0.26923076923077
0.2470765748774 0.32051282051282
0.24745379102226 0.38461538461538
0.24783100716711 0.46153846153846
0.24820822331196 0.57692307692308
0.24858543945681 0.70512820512821
0.24896265560166 0.82051282051282
0.24933987174651 0.85897435897436
0.24971708789136 0.88461538461538
0.25009430403621 0.8974358974359
0.25047152018106 0.91025641025641
0.25084873632591 0.91025641025641
0.25122595247077 0.91025641025641
0.25160316861562 0.93589743589744
0.25198038476047 0.94871794871795
0.25235760090532 0.97435897435897
0.25273481705017 0.97435897435897
0.25311203319502 0.98717948717949
0.25348924933987 0.98717948717949
0.25386646548472 0.98717948717949
0.25424368162957 0.97435897435897
0.25462089777442 0.96153846153846
0.25499811391928 0.93589743589744
0.25537533006413 0.88461538461538
0.25575254620898 0.76923076923077
0.25612976235383 0.80769230769231
0.25650697849868 0.82051282051282
0.25688419464353 0.82051282051282
0.25726141078838 0.62820512820513
0.25763862693323 0.33333333333333
0.25801584307808 0.1025641025641
0.25839305922293 0.038461538461538
0.25877027536779 0.076923076923077
0.25914749151264 0.11538461538462
0.25952470765749 0.16666666666667
0.25990192380234 0.24358974358974
0.26027913994719 0.30769230769231
0.26065635609204 0.35897435897436
0.26103357223689 0.41025641025641
0.26141078838174 0.44871794871795
0.26178800452659 0.48717948717949
0.26216522067144 0.6025641025641
0.2625424368163 0.71794871794872
0.26291965296115 0.83333333333333
0.263296869106 0.85897435897436
0.26367408525085 0.88461538461538
0.2640513013957 0.8974358974359
0.26442851754055 0.8974358974359
0.2648057336854 0.91025641025641
0.26518294983025 0.91025641025641
0.2655601659751 0.93589743589744
0.26593738211995 0.94871794871795
0.26631459826481 0.97435897435897
0.26669181440966 0.98717948717949
0.26706903055451 0.98717948717949
0.26744624669936 0.98717948717949
0.26782346284421 0.98717948717949
0.26820067898906 0.98717948717949
0.26857789513391 0.97435897435897
0.26895511127876 0.94871794871795
0.26933232742361 0.92307692307692
0.26970954356846 0.80769230769231
0.27008675971332 0.78205128205128
0.27046397585817 0.82051282051282
0.27084119200302 0.82051282051282
0.27121840814787 0.69230769230769
0.27159562429272 0.35897435897436
0.27197284043757 0.08974358974359
0.27235005658242 0.064102564102564
0.27272727272727 0.11538461538462
0.27310448887212 0.16666666666667
0.27348170501697 0.20512820512821
0.27385892116183 0.24358974358974
0.27423613730668 0.28205128205128
0.27461335345153 0.33333333333333
0.27499056959638 0.38461538461538
0.27536778574123 0.43589743589744
0.27574500188608 0.5
0.27612221803093 0.61538461538462
0.27649943417578 0.79487179487179
0.27687665032063 0.85897435897436
0.27725386646548 0.87179487179487
0.27763108261034 0.8974358974359
0.27800829875519 0.8974358974359
0.27838551490004 0.91025641025641
0.27876273104489 0.92307692307692
0.27913994718974 0.92307692307692
0.27951716333459 0.94871794871795
0.27989437947944 0.97435897435897
0.28027159562429 0.98717948717949
0.28064881176914 0.98717948717949
0.28102602791399 0.98717948717949
0.28140324405885 0.98717948717949
0.2817804602037 0.98717948717949
0.28215767634855 0.98717948717949
0.2825348924934 0.98717948717949
0.28291210863825 0.97435897435897
0.2832893247831 0.94871794871795
0.28366654092795 0.78205128205128
0.2840437570728 0.79487179487179
0.28442097321765 0.83333333333333
0.2847981893625 0.82051282051282
0.28517540550736 0.70512820512821
0.28555262165221 0.41025641025641
0.28592983779706 0.076923076923077
0.28630705394191 0.08974358974359
0.28668427008676 0.12820512820513
0.28706148623161 0.17948717948718
0.28743870237646 0.23076923076923
0.28781591852131 0.28205128205128
0.28819313466616 0.33333333333333
0.28857035081101 0.38461538461538
0.28894756695587 0.43589743589744
0.28932478310072 0.5
0.28970199924557 0.57692307692308
0.29007921539042 0.66666666666667
0.29045643153527 0.74358974358974
0.29083364768012 0.85897435897436
0.29121086382497 0.88461538461538
0.29158807996982 0.8974358974359
0.29196529611467 0.91025641025641
0.29234251225952 0.92307692307692
0.29271972840438 0.92307692307692
0.29309694454923 0.93589743589744
0.29347416069408 0.94871794871795
0.29385137683893 0.96153846153846
0.29422859298378 0.97435897435897
0.29460580912863 0.98717948717949
0.29498302527348 0.98717948717949
0.29536024141833 0.98717948717949
0.29573745756318 0.98717948717949
0.29611467370803 0.98717948717949
0.29649188985289 0.98717948717949
0.29686910599774 0.97435897435897
0.29724632214259 0.94871794871795
0.29762353828744 0.88461538461538
0.29800075443229 0.78205128205128
0.29837797057714 0.84615384615385
0.29875518672199 0.84615384615385
0.29913240286684 0.78205128205128
0.29950961901169 0.32051282051282
0.29988683515654 0.051282051282051
0.3002640513014 0.08974358974359
0.30064126744625 0.15384615384615
0.3010184835911 0.20512820512821
0.30139569973595 0.25641025641026
0.3017729158808 0.30769230769231
0.30215013202565 0.34615384615385
0.3025273481705 0.38461538461538
0.30290456431535 0.41025641025641
0.3032817804602 0.44871794871795
0.30365899660505 0.55128205128205
0.30403621274991 0.65384615384615
0.30441342889476 0.75641025641026
0.30479064503961 0.84615384615385
0.30516786118446 0.87179487179487
0.30554507732931 0.88461538461538
0.30592229347416 0.8974358974359
0.30629950961901 0.91025641025641
0.30667672576386 0.91025641025641
0.30705394190871 0.91025641025641
0.30743115805356 0.92307692307692
0.30780837419842 0.94871794871795
0.30818559034327 0.97435897435897
0.30856280648812 0.98717948717949
0.30894002263297 0.98717948717949
0.30931723877782 0.98717948717949
0.30969445492267 0.98717948717949
0.31007167106752 0.98717948717949
0.31044888721237 0.97435897435897
0.31082610335722 0.96153846153846
0.31120331950207 0.93589743589744
0.31158053564693 0.84615384615385
0.31195775179178 0.78205128205128
0.31233496793663 0.84615384615385
0.31271218408148 0.84615384615385
0.31308940022633 0.84615384615385
0.31346661637118 0.56410256410256
0.31384383251603 0.24358974358974
0.31422104866088 0.064102564102564
0.31459826480573 0.1025641025641
0.31497548095058 0.15384615384615
0.31535269709544 0.19230769230769
0.31572991324029 0.24358974358974
0.31610712938514 0.29487179487179
0.31648434552999 0.34615384615385
0.31686156167484 0.3974358974359
0.31723877781969 0.44871794871795
0.31761599396454 0.5
0.31799321010939 0.56410256410256
0.31837042625424 0.66666666666667
0.31874764239909 0.80769230769231
0.31912485854395 0.84615384615385
0.3195020746888 0.87179487179487
0.31987929083365 0.88461538461538
0.3202565069785 0.8974358974359
0.32063372312335 0.8974358974359
0.3210109392682 0.91025641025641
0.32138815541305 0.92307692307692
0.3217653715579 0.94871794871795
0.32214258770275 0.96153846153846
0.3225198038476 0.98717948717949
0.32289701999246 0.98717948717949
0.32327423613731 0.98717948717949
0.32365145228216 0.98717948717949
0.32402866842701 0.98717948717949
0.32440588457186 0.98717948717949
0.32478310071671 0.97435897435897
0.32516031686156 0.94871794871795
0.32553753300641 0.88461538461538
0.32591474915126 0.75641025641026
0.32629196529611 0.83333333333333
0.32666918144097 0.84615384615385
0.32704639758582 0.84615384615385
0.32742361373067 0.62820512820513
0.32780082987552 0.38461538461538
0.32817804602037 0.19230769230769
0.32855526216522 0.038461538461538
0.32893247831007 0.064102564102564
0.32930969445492 0.12820512820513
0.32968691059977 0.23076923076923
0.33006412674462 0.29487179487179
0.33044134288948 0.33333333333333
0.33081855903433 0.38461538461538
0.33119577517918 0.41025641025641
0.33157299132403 0.44871794871795
0.33195020746888 0.48717948717949
0.33232742361373 0.58974358974359
0.33270463975858 0.69230769230769
0.33308185590343 0.80769230769231
0.33345907204828 0.84615384615385
0.33383628819313 0.85897435897436
0.33421350433799 0.88461538461538
0.33459072048284 0.8974358974359
0.33496793662769 0.8974358974359
0.33534515277254 0.92307692307692
0.33572236891739 0.94871794871795
0.33609958506224 0.96153846153846
0.33647680120709 0.97435897435897
0.33685401735194 0.98717948717949
0.33723123349679 0.98717948717949
0.33760844964164 0.98717948717949
0.3379856657865 0.98717948717949
0.33836288193135 0.98717948717949
0.3387400980762 0.97435897435897
0.33911731422105 0.94871794871795
0.3394945303659 0.93589743589744
0.33987174651075 0.88461538461538
0.3402489626556 0.83333333333333
0.34062617880045 0.78205128205128
0.3410033949453 0.73076923076923
0.34138061109015 0.67948717948718
0.34175782723501 0.65384615384615
0.34213504337986 0.62820512820513
0.34251225952471 0.69230769230769
0.34288947566956 0.78205128205128
0.34326669181441 0.82051282051282
0.34364390795926 0.82051282051282
0.34402112410411 0.66666666666667
0.34439834024896 0.29487179487179
0.34477555639381 0.1025641025641
0.34515277253866 0.038461538461538
0.34552998868352 0.076923076923077
0.34590720482837 0.11538461538462
0.34628442097322 0.16666666666667
0.34666163711807 0.21794871794872
0.34703885326292 0.25641025641026
0.34741606940777 0.30769230769231
0.34779328555262 0.34615384615385
0.34817050169747 0.37179487179487
0.34854771784232 0.41025641025641
0.34892493398717 0.46153846153846
0.34930215013203 0.53846153846154
0.34967936627688 0.65384615384615
0.35005658242173 0.76923076923077
0.35043379856658 0.84615384615385
0.35081101471143 0.87179487179487
0.35118823085628 0.88461538461538
0.35156544700113 0.8974358974359
0.35194266314598 0.91025641025641
0.35231987929083 0.92307692307692
0.35269709543568 0.92307692307692
0.35307431158054 0.93589743589744
0.35345152772539 0.96153846153846
0.35382874387024 0.97435897435897
0.35420596001509 0.98717948717949
0.35458317615994 0.98717948717949
0.35496039230479 0.98717948717949
0.35533760844964 0.98717948717949
0.35571482459449 0.98717948717949
0.35609204073934 0.96153846153846
0.35646925688419 0.93589743589744
0.35684647302905 0.87179487179487
0.3572236891739 0.79487179487179
0.35760090531875 0.73076923076923
0.3579781214636 0.69230769230769
0.35835533760845 0.66666666666667
0.3587325537533 0.64102564102564
0.35910976989815 0.62820512820513
0.359486986043 0.69230769230769
0.35986420218785 0.78205128205128
0.3602414183327 0.82051282051282
0.36061863447756 0.82051282051282
0.36099585062241 0.69230769230769
0.36137306676726 0.37179487179487
0.36175028291211 0.076923076923077
0.36212749905696 0.076923076923077
0.36250471520181 0.12820512820513
0.36288193134666 0.17948717948718
0.36325914749151 0.23076923076923
0.36363636363636 0.28205128205128
0.36401357978121 0.32051282051282
0.36439079592607 0.37179487179487
0.36476801207092 0.42307692307692
0.36514522821577 0.47435897435897
0.36552244436062 0.55128205128205
0.36589966050547 0.76923076923077
0.36627687665032 0.80769230769231
0.36665409279517 0.83333333333333
0.36703130894002 0.84615384615385
0.36740852508487 0.85897435897436
0.36778574122972 0.87179487179487
0.36816295737458 0.88461538461538
0.36854017351943 0.8974358974359
0.36891738966428 0.91025641025641
0.36929460580913 0.92307692307692
0.36967182195398 0.94871794871795
0.37004903809883 0.96153846153846
0.37042625424368 0.97435897435897
0.37080347038853 0.98717948717949
0.37118068653338 0.98717948717949
0.37155790267823 0.98717948717949
0.37193511882309 0.98717948717949
0.37231233496794 0.97435897435897
0.37268955111279 0.96153846153846
0.37306676725764 0.93589743589744
0.37344398340249 0.75641025641026
0.37382119954734 0.80769230769231
0.37419841569219 0.83333333333333
0.37457563183704 0.83333333333333
0.37495284798189 0.34615384615385
0.37533006412674 0.14102564102564
0.3757072802716 0.038461538461538
0.37608449641645 0.076923076923077
0.3764617125613 0.11538461538462
0.37683892870615 0.19230769230769
0.377216144851 0.25641025641026
0.37759336099585 0.32051282051282
0.3779705771407 0.37179487179487
0.37834779328555 0.41025641025641
0.3787250094304 0.44871794871795
0.37910222557525 0.48717948717949
0.37947944172011 0.56410256410256
0.37985665786496 0.76923076923077
0.38023387400981 0.82051282051282
0.38061109015466 0.84615384615385
0.38098830629951 0.87179487179487
0.38136552244436 0.88461538461538
0.38174273858921 0.8974358974359
0.38211995473406 0.91025641025641
0.38249717087891 0.91025641025641
0.38287438702376 0.92307692307692
0.38325160316862 0.93589743589744
0.38362881931347 0.96153846153846
0.38400603545832 0.97435897435897
0.38438325160317 0.98717948717949
0.38476046774802 0.98717948717949
0.38513768389287 0.98717948717949
0.38551490003772 0.98717948717949
0.38589211618257 0.96153846153846
0.38626933232742 0.92307692307692
0.38664654847227 0.84615384615385
0.38702376461713 0.75641025641026
0.38740098076198 0.79487179487179
0.38777819690683 0.83333333333333
0.38815541305168 0.82051282051282
0.38853262919653 0.76923076923077
0.38890984534138 0.58974358974359
0.38928706148623 0.17948717948718
0.38966427763108 0.051282051282051
0.39004149377593 0.076923076923077
0.39041870992078 0.11538461538462
0.39079592606564 0.19230769230769
0.39117314221049 0.25641025641026
0.39155035835534 0.30769230769231
0.39192757450019 0.34615384615385
0.39230479064504 0.38461538461538
0.39268200678989 0.41025641025641
0.39305922293474 0.48717948717949
0.39343643907959 0.61538461538462
0.39381365522444 0.74358974358974
0.39419087136929 0.80769230769231
0.39456808751415 0.84615384615385
0.394945303659 0.87179487179487
0.39532251980385 0.88461538461538
0.3956997359487 0.8974358974359
0.39607695209355 0.91025641025641
0.3964541682384 0.92307692307692
0.39683138438325 0.93589743589744
0.3972086005281 0.96153846153846
0.39758581667295 0.97435897435897
0.3979630328178 0.97435897435897
0.39834024896266 0.98717948717949
0.39871746510751 0.98717948717949
0.39909468125236 0.98717948717949
0.39947189739721 0.98717948717949
0.39984911354206 0.98717948717949
0.40022632968691 0.97435897435897
0.40060354583176 0.94871794871795
0.40098076197661 0.82051282051282
0.40135797812146 0.76923076923077
0.40173519426631 0.82051282051282
0.40211241041117 0.83333333333333
0.40248962655602 0.82051282051282
0.40286684270087 0.37179487179487
0.40324405884572 0.17948717948718
0.40362127499057 0.025641025641026
0.40399849113542 0.051282051282051
0.40437570728027 0.1025641025641
0.40475292342512 0.14102564102564
0.40513013956997 0.19230769230769
0.40550735571482 0.24358974358974
0.40588457185968 0.29487179487179
0.40626178800453 0.34615384615385
0.40663900414938 0.3974358974359
0.40701622029423 0.44871794871795
0.40739343643908 0.51282051282051
0.40777065258393 0.58974358974359
0.40814786872878 0.70512820512821
0.40852508487363 0.83333333333333
0.40890230101848 0.87179487179487
0.40927951716333 0.88461538461538
0.40965673330819 0.8974358974359
0.41003394945304 0.91025641025641
0.41041116559789 0.91025641025641
0.41078838174274 0.92307692307692
0.41116559788759 0.92307692307692
0.41154281403244 0.94871794871795
0.41192003017729 0.96153846153846
0.41229724632214 0.97435897435897
0.41267446246699 0.98717948717949
0.41305167861184 0.98717948717949
0.4134288947567 0.98717948717949
0.41380611090155 0.98717948717949
0.4141833270464 0.97435897435897
0.41456054319125 0.96153846153846
0.4149377593361 0.93589743589744
0.41531497548095 0.79487179487179
0.4156921916258 0.76923076923077
0.41606940777065 0.82051282051282
0.4164466239155 0.83333333333333
0.41682384006035 0.82051282051282
0.41720105620521 0.23076923076923
0.41757827235006 0.051282051282051
0.41795548849491 0.076923076923077
0.41833270463976 0.12820512820513
0.41870992078461 0.16666666666667
0.41908713692946 0.19230769230769
0.41946435307431 0.23076923076923
0.41984156921916 0.26923076923077
0.42021878536401 0.32051282051282
0.42059600150886 0.35897435897436
0.42097321765372 0.42307692307692
0.42135043379857 0.51282051282051
0.42172764994342 0.62820512820513
0.42210486608827 0.75641025641026
0.42248208223312 0.83333333333333
0.42285929837797 0.87179487179487
0.42323651452282 0.88461538461538
0.42361373066767 0.8974358974359
0.42399094681252 0.91025641025641
0.42436816295737 0.91025641025641
0.42474537910223 0.92307692307692
0.42512259524708 0.94871794871795
0.42549981139193 0.96153846153846
0.42587702753678 0.97435897435897
0.42625424368163 0.98717948717949
0.42663145982648 0.98717948717949
0.42700867597133 0.98717948717949
0.42738589211618 0.98717948717949
0.42776310826103 0.97435897435897
0.42814032440588 0.96153846153846
0.42851754055074 0.93589743589744
0.42889475669559 0.83333333333333
0.42927197284044 0.76923076923077
0.42964918898529 0.82051282051282
0.43002640513014 0.82051282051282
0.43040362127499 0.78205128205128
0.43078083741984 0.52564102564103
0.43115805356469 0.26923076923077
0.43153526970954 0.064102564102564
0.43191248585439 0.08974358974359
0.43228970199925 0.12820512820513
0.4326669181441 0.21794871794872
0.43304413428895 0.24358974358974
0.4334213504338 0.26923076923077
0.43379856657865 0.30769230769231
0.4341757827235 0.34615384615385
0.43455299886835 0.38461538461538
0.4349302150132 0.44871794871795
0.43530743115805 0.55128205128205
0.4356846473029 0.67948717948718
0.43606186344776 0.79487179487179
0.43643907959261 0.84615384615385
0.43681629573746 0.87179487179487
0.43719351188231 0.88461538461538
0.43757072802716 0.91025641025641
0.43794794417201 0.91025641025641
0.43832516031686 0.92307692307692
0.43870237646171 0.92307692307692
0.43907959260656 0.94871794871795
0.43945680875141 0.97435897435897
0.43983402489627 0.98717948717949
0.44021124104112 0.98717948717949
0.44058845718597 0.98717948717949
0.44096567333082 0.98717948717949
0.44134288947567 0.98717948717949
0.44172010562052 0.98717948717949
0.44209732176537 0.96153846153846
0.44247453791022 0.94871794871795
0.44285175405507 0.91025641025641
0.44322897019992 0.76923076923077
0.44360618634478 0.83333333333333
0.44398340248963 0.84615384615385
0.44436061863448 0.83333333333333
0.44473783477933 0.5
0.44511505092418 0.15384615384615
0.44549226706903 0.038461538461538
0.44586948321388 0.064102564102564
0.44624669935873 0.1025641025641
0.44662391550358 0.15384615384615
0.44700113164843 0.24358974358974
0.44737834779329 0.30769230769231
0.44775556393814 0.35897435897436
0.44813278008299 0.3974358974359
0.44850999622784 0.42307692307692
0.44888721237269 0.48717948717949
0.44926442851754 0.57692307692308
0.44964164466239 0.67948717948718
0.45001886080724 0.80769230769231
0.45039607695209 0.85897435897436
0.45077329309694 0.87179487179487
0.4511505092418 0.8974358974359
0.45152772538665 0.8974358974359
0.4519049415315 0.91025641025641
0.45228215767635 0.91025641025641
0.4526593738212 0.92307692307692
0.45303658996605 0.94871794871795
0.4534138061109 0.96153846153846
0.45379102225575 0.97435897435897
0.4541682384006 0.98717948717949
0.45454545454545 0.98717948717949
0.45492267069031 0.98717948717949
0.45529988683516 0.98717948717949
0.45567710298001 0.97435897435897
0.45605431912486 0.94871794871795
0.45643153526971 0.92307692307692
0.45680875141456 0.83333333333333
0.45718596755941 0.78205128205128
0.45756318370426 0.82051282051282
0.45794039984911 0.82051282051282
0.45831761599396 0.70512820512821
0.45869483213882 0.41025641025641
0.45907204828367 0.12820512820513
0.45944926442852 0.038461538461538
0.45982648057337 0.064102564102564
0.46020369671822 0.1025641025641
0.46058091286307 0.15384615384615
0.46095812900792 0.23076923076923
0.46133534515277 0.28205128205128
0.46171256129762 0.33333333333333
0.46208977744247 0.37179487179487
0.46246699358733 0.41025641025641
0.46284420973218 0.44871794871795
0.46322142587703 0.52564102564103
0.46359864202188 0.65384615384615
0.46397585816673 0.78205128205128
0.46435307431158 0.84615384615385
0.46473029045643 0.87179487179487
0.46510750660128 0.88461538461538
0.46548472274613 0.8974358974359
0.46586193889098 0.91025641025641
0.46623915503584 0.91025641025641
0.46661637118069 0.92307692307692
0.46699358732554 0.94871794871795
0.46737080347039 0.96153846153846
0.46774801961524 0.97435897435897
0.46812523576009 0.98717948717949
0.46850245190494 0.98717948717949
0.46887966804979 0.98717948717949
0.46925688419464 0.98717948717949
0.46963410033949 0.98717948717949
0.47001131648435 0.96153846153846
0.4703885326292 0.93589743589744
0.47076574877405 0.84615384615385
0.4711429649189 0.78205128205128
0.47152018106375 0.84615384615385
0.4718973972086 0.84615384615385
0.47227461335345 0.80769230769231
0.4726518294983 0.47435897435897
0.47302904564315 0.15384615384615
0.473406261788 0.051282051282051
0.47378347793286 0.076923076923077
0.47416069407771 0.11538461538462
0.47453791022256 0.16666666666667
0.47491512636741 0.25641025641026
0.47529234251226 0.32051282051282
0.47566955865711 0.37179487179487
0.47604677480196 0.41025641025641
0.47642399094681 0.44871794871795
0.47680120709166 0.47435897435897
0.47717842323651 0.56410256410256
0.47755563938137 0.65384615384615
0.47793285552622 0.74358974358974
0.47831007167107 0.83333333333333
0.47868728781592 0.87179487179487
0.47906450396077 0.88461538461538
0.47944172010562 0.8974358974359
0.47981893625047 0.91025641025641
0.48019615239532 0.91025641025641
0.48057336854017 0.92307692307692
0.48095058468502 0.94871794871795
0.48132780082988 0.96153846153846
0.48170501697473 0.97435897435897
0.48208223311958 0.98717948717949
0.48245944926443 0.98717948717949
0.48283666540928 0.98717948717949
0.48321388155413 0.98717948717949
0.48359109769898 0.97435897435897
0.48396831384383 0.96153846153846
0.48434552998868 0.93589743589744
0.48472274613353 0.76923076923077
0.48509996227839 0.78205128205128
0.48547717842324 0.82051282051282
0.48585439456809 0.83333333333333
0.48623161071294 0.82051282051282
0.48660882685779 0.56410256410256
0.48698604300264 0.25641025641026
0.48736325914749 0.051282051282051
0.48774047529234 0.08974358974359
0.48811769143719 0.12820512820513
0.48849490758204 0.17948717948718
0.4888721237269 0.21794871794872
0.48924933987175 0.26923076923077
0.4896265560166 0.30769230769231
0.49000377216145 0.37179487179487
0.4903809883063 0.46153846153846
0.49075820445115 0.55128205128205
0.491135420596 0.65384615384615
0.49151263674085 0.74358974358974
0.4918898528857 0.82051282051282
0.49226706903055 0.84615384615385
0.49264428517541 0.87179487179487
0.49302150132026 0.88461538461538
0.49339871746511 0.8974358974359
0.49377593360996 0.91025641025641
0.49415314975481 0.91025641025641
0.49453036589966 0.93589743589744
0.49490758204451 0.96153846153846
0.49528479818936 0.97435897435897
0.49566201433421 0.98717948717949
0.49603923047906 0.98717948717949
0.49641644662392 0.98717948717949
0.49679366276877 0.98717948717949
0.49717087891362 0.98717948717949
0.49754809505847 0.97435897435897
0.49792531120332 0.96153846153846
0.49830252734817 0.93589743589744
0.49867974349302 0.87179487179487
0.49905695963787 0.76923076923077
0.49943417578272 0.83333333333333
0.49981139192757 0.85897435897436
0.50018860807243 0.84615384615385
0.50056582421728 0.58974358974359
0.50094304036213 0.33333333333333
0.50132025650698 0.15384615384615
0.50169747265183 0.051282051282051
0.50207468879668 0.08974358974359
0.50245190494153 0.17948717948718
0.50282912108638 0.25641025641026
0.50320633723123 0.30769230769231
0.50358355337608 0.34615384615385
0.50396076952094 0.38461538461538
0.50433798566579 0.42307692307692
0.50471520181064 0.44871794871795
0.50509241795549 0.51282051282051
0.50546963410034 0.61538461538462
0.50584685024519 0.71794871794872
0.50622406639004 0.82051282051282
0.50660128253489 0.84615384615385
0.50697849867974 0.87179487179487
0.50735571482459 0.88461538461538
0.50773293096945 0.8974358974359
0.5081101471143 0.91025641025641
0.50848736325915 0.92307692307692
0.508864579404 0.94871794871795
0.50924179554885 0.96153846153846
0.5096190116937 0.98717948717949
0.50999622783855 0.98717948717949
0.5103734439834 0.98717948717949
0.51075066012825 0.98717948717949
0.5111278762731 0.98717948717949
0.51150509241796 0.98717948717949
0.51188230856281 0.97435897435897
0.51225952470766 0.94871794871795
0.51263674085251 0.92307692307692
0.51301395699736 0.87179487179487
0.51339117314221 0.82051282051282
0.51376838928706 0.76923076923077
0.51414560543191 0.71794871794872
0.51452282157676 0.66666666666667
0.51490003772161 0.64102564102564
0.51527725386647 0.64102564102564
0.51565447001132 0.71794871794872
0.51603168615617 0.80769230769231
0.51640890230102 0.82051282051282
0.51678611844587 0.82051282051282
0.51716333459072 0.57692307692308
0.51754055073557 0.20512820512821
0.51791776688042 0.076923076923077
0.51829498302527 0.051282051282051
0.51867219917012 0.08974358974359
0.51904941531498 0.12820512820513
0.51942663145983 0.17948717948718
0.51980384760468 0.21794871794872
0.52018106374953 0.26923076923077
0.52055827989438 0.32051282051282
0.52093549603923 0.34615384615385
0.52131271218408 0.38461538461538
0.52168992832893 0.42307692307692
0.52206714447378 0.48717948717949
0.52244436061863 0.56410256410256
0.52282157676349 0.70512820512821
0.52319879290834 0.82051282051282
0.52357600905319 0.85897435897436
0.52395322519804 0.88461538461538
0.52433044134289 0.8974358974359
0.52470765748774 0.91025641025641
0.52508487363259 0.92307692307692
0.52546208977744 0.92307692307692
0.52583930592229 0.92307692307692
0.52621652206714 0.94871794871795
0.526593738212 0.96153846153846
0.52697095435685 0.97435897435897
0.5273481705017 0.98717948717949
0.52772538664655 0.98717948717949
0.5281026027914 0.98717948717949
0.52847981893625 0.98717948717949
0.5288570350811 0.98717948717949
0.52923425122595 0.96153846153846
0.5296114673708 0.92307692307692
0.52998868351565 0.85897435897436
0.53036589966051 0.78205128205128
0.53074311580536 0.71794871794872
0.53112033195021 0.67948717948718
0.53149754809506 0.65384615384615
0.53187476423991 0.62820512820513
0.53225198038476 0.62820512820513
0.53262919652961 0.71794871794872
0.53300641267446 0.80769230769231
0.53338362881931 0.82051282051282
0.53376084496416 0.82051282051282
0.53413806110902 0.58974358974359
0.53451527725387 0.23076923076923
0.53489249339872 0.038461538461538
0.53526970954357 0.08974358974359
0.53564692568842 0.14102564102564
0.53602414183327 0.19230769230769
0.53640135797812 0.24358974358974
0.53677857412297 0.28205128205128
0.53715579026782 0.33333333333333
0.53753300641267 0.38461538461538
0.53791022255753 0.43589743589744
0.53828743870238 0.5
0.53866465484723 0.58974358974359
0.53904187099208 0.78205128205128
0.53941908713693 0.82051282051282
0.53979630328178 0.83333333333333
0.54017351942663 0.85897435897436
0.54055073557148 0.87179487179487
0.54092795171633 0.88461538461538
0.54130516786118 0.88461538461538
0.54168238400604 0.8974358974359
0.54205960015089 0.91025641025641
0.54243681629574 0.93589743589744
0.54281403244059 0.94871794871795
0.54319124858544 0.97435897435897
0.54356846473029 0.97435897435897
0.54394568087514 0.98717948717949
0.54432289701999 0.98717948717949
0.54470011316484 0.98717948717949
0.54507732930969 0.98717948717949
0.54545454545455 0.97435897435897
0.5458317615994 0.94871794871795
0.54620897774425 0.92307692307692
0.5465861938891 0.78205128205128
0.54696341003395 0.83333333333333
0.5473406261788 0.83333333333333
0.54771784232365 0.83333333333333
0.5480950584685 0.24358974358974
0.54847227461335 0.064102564102564
0.5488494907582 0.051282051282051
0.54922670690306 0.08974358974359
0.54960392304791 0.12820512820513
0.54998113919276 0.20512820512821
0.55035835533761 0.26923076923077
0.55073557148246 0.33333333333333
0.55111278762731 0.37179487179487
0.55149000377216 0.42307692307692
0.55186721991701 0.46153846153846
0.55224443606186 0.51282051282051
0.55262165220671 0.58974358974359
0.55299886835157 0.78205128205128
0.55337608449642 0.83333333333333
0.55375330064127 0.85897435897436
0.55413051678612 0.87179487179487
0.55450773293097 0.88461538461538
0.55488494907582 0.8974358974359
0.55526216522067 0.91025641025641
0.55563938136552 0.91025641025641
0.55601659751037 0.92307692307692
0.55639381365522 0.93589743589744
0.55677102980008 0.96153846153846
0.55714824594493 0.97435897435897
0.55752546208978 0.98717948717949
0.55790267823463 0.98717948717949
0.55827989437948 0.98717948717949
0.55865711052433 0.97435897435897
0.55903432666918 0.96153846153846
0.55941154281403 0.92307692307692
0.55978875895888 0.82051282051282
0.56016597510373 0.75641025641026
0.56054319124859 0.82051282051282
0.56092040739344 0.82051282051282
0.56129762353829 0.82051282051282
0.56167483968314 0.71794871794872
0.56205205582799 0.48717948717949
0.56242927197284 0.051282051282051
0.56280648811769 0.064102564102564
0.56318370426254 0.08974358974359
0.56356092040739 0.14102564102564
0.56393813655224 0.21794871794872
0.5643153526971 0.28205128205128
0.56469256884195 0.32051282051282
0.5650697849868 0.35897435897436
0.56544700113165 0.38461538461538
0.5658242172765 0.41025641025641
0.56620143342135 0.53846153846154
0.5665786495662 0.66666666666667
0.56695586571105 0.79487179487179
0.5673330818559 0.83333333333333
0.56771029800075 0.85897435897436
0.56808751414561 0.88461538461538
0.56846473029046 0.8974358974359
0.56884194643531 0.8974358974359
0.56921916258016 0.91025641025641
0.56959637872501 0.92307692307692
0.56997359486986 0.93589743589744
0.57035081101471 0.96153846153846
0.57072802715956 0.97435897435897
0.57110524330441 0.98717948717949
0.57148245944926 0.98717948717949
0.57185967559412 0.98717948717949
0.57223689173897 0.98717948717949
0.57261410788382 0.98717948717949
0.57299132402867 0.98717948717949
0.57336854017352 0.96153846153846
0.57374575631837 0.93589743589744
0.57412297246322 0.75641025641026
0.57450018860807 0.79487179487179
0.57487740475292 0.83333333333333
0.57525462089777 0.82051282051282
0.57563183704263 0.57692307692308
0.57600905318748 0.28205128205128
0.57638626933233 0.076923076923077
0.57676348547718 0.038461538461538
0.57714070162203 0.076923076923077
0.57751791776688 0.11538461538462
0.57789513391173 0.16666666666667
0.57827235005658 0.21794871794872
0.57864956620143 0.26923076923077
0.57902678234628 0.32051282051282
0.57940399849114 0.35897435897436
0.57978121463599 0.41025641025641
0.58015843078084 0.46153846153846
0.58053564692569 0.53846153846154
0.58091286307054 0.62820512820513
0.58129007921539 0.76923076923077
0.58166729536024 0.84615384615385
0.58204451150509 0.87179487179487
0.58242172764994 0.8974358974359
0.58279894379479 0.8974358974359
0.58317615993965 0.91025641025641
0.5835533760845 0.92307692307692
0.58393059222935 0.92307692307692
0.5843078083742 0.93589743589744
0.58468502451905 0.96153846153846
0.5850622406639 0.97435897435897
0.58543945680875 0.97435897435897
0.5858166729536 0.98717948717949
0.58619388909845 0.98717948717949
0.5865711052433 0.98717948717949
0.58694832138816 0.97435897435897
0.58732553753301 0.96153846153846
0.58770275367786 0.93589743589744
0.58807996982271 0.88461538461538
0.58845718596756 0.73076923076923
0.58883440211241 0.78205128205128
0.58921161825726 0.82051282051282
0.58958883440211 0.83333333333333
0.58996605054696 0.82051282051282
0.59034326669181 0.17948717948718
0.59072048283667 0.051282051282051
0.59109769898152 0.08974358974359
0.59147491512637 0.14102564102564
0.59185213127122 0.17948717948718
0.59222934741607 0.20512820512821
0.59260656356092 0.24358974358974
0.59298377970577 0.29487179487179
0.59336099585062 0.33333333333333
0.59373821199547 0.3974358974359
0.59411542814032 0.44871794871795
0.59449264428518 0.57692307692308
0.59486986043003 0.69230769230769
0.59524707657488 0.80769230769231
0.59562429271973 0.85897435897436
0.59600150886458 0.87179487179487
0.59637872500943 0.88461538461538
0.59675594115428 0.8974358974359
0.59713315729913 0.91025641025641
0.59751037344398 0.92307692307692
0.59788758958883 0.93589743589744
0.59826480573369 0.94871794871795
0.59864202187854 0.97435897435897
0.59901923802339 0.97435897435897
0.59939645416824 0.98717948717949
0.59977367031309 0.98717948717949
0.60015088645794 0.98717948717949
0.60052810260279 0.98717948717949
0.60090531874764 0.97435897435897
0.60128253489249 0.94871794871795
0.60165975103734 0.92307692307692
0.6020369671822 0.76923076923077
0.60241418332705 0.78205128205128
0.6027913994719 0.82051282051282
0.60316861561675 0.82051282051282
0.6035458317616 0.71794871794872
0.60392304790645 0.46153846153846
0.6043002640513 0.20512820512821
0.60467748019615 0.064102564102564
0.605054696341 0.11538461538462
0.60543191248585 0.15384615384615
0.60580912863071 0.21794871794872
0.60618634477556 0.24358974358974
0.60656356092041 0.28205128205128
0.60694077706526 0.30769230769231
0.60731799321011 0.35897435897436
0.60769520935496 0.41025641025641
0.60807242549981 0.46153846153846
0.60844964164466 0.57692307692308
0.60882685778951 0.70512820512821
0.60920407393436 0.80769230769231
0.60958129007922 0.85897435897436
0.60995850622407 0.87179487179487
0.61033572236892 0.8974358974359
0.61071293851377 0.91025641025641
0.61109015465862 0.91025641025641
0.61146737080347 0.92307692307692
0.61184458694832 0.92307692307692
0.61222180309317 0.94871794871795
0.61259901923802 0.97435897435897
0.61297623538287 0.98717948717949
0.61335345152773 0.98717948717949
0.61373066767258 0.98717948717949
0.61410788381743 0.98717948717949
0.61448509996228 0.98717948717949
0.61486231610713 0.97435897435897
0.61523953225198 0.96153846153846
0.61561674839683 0.92307692307692
0.61599396454168 0.83333333333333
0.61637118068653 0.79487179487179
0.61674839683138 0.84615384615385
0.61712561297624 0.84615384615385
0.61750282912109 0.78205128205128
0.61788004526594 0.34615384615385
0.61825726141079 0.076923076923077
0.61863447755564 0.038461538461538
0.61901169370049 0.076923076923077
0.61938890984534 0.12820512820513
0.61976612599019 0.19230769230769
0.62014334213504 0.26923076923077
0.62052055827989 0.32051282051282
0.62089777442475 0.37179487179487
0.6212749905696 0.3974358974359
0.62165220671445 0.43589743589744
0.6220294228593 0.51282051282051
0.62240663900415 0.61538461538462
0.622783855149 0.71794871794872
0.62316107129385 0.83333333333333
0.6235382874387 0.87179487179487
0.62391550358355 0.88461538461538
0.6242927197284 0.8974358974359
0.62466993587326 0.91025641025641
0.62504715201811 0.91025641025641
0.62542436816296 0.91025641025641
0.62580158430781 0.93589743589744
0.62617880045266 0.94871794871795
0.62655601659751 0.97435897435897
0.62693323274236 0.97435897435897
0.62731044888721 0.98717948717949
0.62768766503206 0.98717948717949
0.62806488117691 0.98717948717949
0.62844209732177 0.97435897435897
0.62881931346662 0.97435897435897
0.62919652961147 0.94871794871795
0.62957374575632 0.91025641025641
0.62995096190117 0.80769230769231
0.63032817804602 0.80769230769231
0.63070539419087 0.82051282051282
0.63108261033572 0.82051282051282
0.63145982648057 0.62820512820513
0.63183704262542 0.33333333333333
0.63221425877028 0.08974358974359
0.63259147491513 0.038461538461538
0.63296869105998 0.064102564102564
0.63334590720483 0.1025641025641
0.63372312334968 0.15384615384615
0.63410033949453 0.23076923076923
0.63447755563938 0.29487179487179
0.63485477178423 0.34615384615385
0.63523198792908 0.38461538461538
0.63560920407393 0.42307692307692
0.63598642021879 0.44871794871795
0.63636363636364 0.56410256410256
0.63674085250849 0.67948717948718
0.63711806865334 0.80769230769231
0.63749528479819 0.84615384615385
0.63787250094304 0.87179487179487
0.63824971708789 0.88461538461538
0.63862693323274 0.8974358974359
0.63900414937759 0.91025641025641
0.63938136552244 0.91025641025641
0.6397585816673 0.92307692307692
0.64013579781215 0.94871794871795
0.640513013957 0.96153846153846
0.64089023010185 0.98717948717949
0.6412674462467 0.98717948717949
0.64164466239155 0.98717948717949
0.6420218785364 0.98717948717949
0.64239909468125 0.98717948717949
0.6427763108261 0.97435897435897
0.64315352697095 0.94871794871795
0.64353074311581 0.92307692307692
0.64390795926066 0.79487179487179
0.64428517540551 0.80769230769231
0.64466239155036 0.84615384615385
0.64503960769521 0.84615384615385
0.64541682384006 0.71794871794872
0.64579403998491 0.3974358974359
0.64617125612976 0.076923076923077
0.64654847227461 0.051282051282051
0.64692568841946 0.08974358974359
0.64730290456432 0.12820512820513
0.64768012070917 0.19230769230769
0.64805733685402 0.26923076923077
0.64843455299887 0.33333333333333
0.64881176914372 0.38461538461538
0.64918898528857 0.42307692307692
0.64956620143342 0.44871794871795
0.64994341757827 0.48717948717949
0.65032063372312 0.57692307692308
0.65069784986797 0.67948717948718
0.65107506601283 0.78205128205128
0.65145228215768 0.84615384615385
0.65182949830253 0.87179487179487
0.65220671444738 0.88461538461538
0.65258393059223 0.8974358974359
0.65296114673708 0.91025641025641
0.65333836288193 0.91025641025641
0.65371557902678 0.92307692307692
0.65409279517163 0.94871794871795
0.65447001131648 0.96153846153846
0.65484722746134 0.98717948717949
0.65522444360619 0.98717948717949
0.65560165975104 0.98717948717949
0.65597887589589 0.98717948717949
0.65635609204074 0.98717948717949
0.65673330818559 0.97435897435897
0.65711052433044 0.96153846153846
0.65748774047529 0.92307692307692
0.65786495662014 0.74358974358974
0.65824217276499 0.79487179487179
0.65861938890985 0.83333333333333
0.6589966050547 0.83333333333333
0.65937382119955 0.78205128205128
0.6597510373444 0.48717948717949
0.66012825348925 0.19230769230769
0.6605054696341 0.051282051282051
0.66088268577895 0.1025641025641
0.6612599019238 0.14102564102564
0.66163711806865 0.19230769230769
0.6620143342135 0.23076923076923
0.66239155035836 0.28205128205128
0.66276876650321 0.33333333333333
0.66314598264806 0.41025641025641
0.66352319879291 0.5
0.66390041493776 0.58974358974359
0.66427763108261 0.67948717948718
0.66465484722746 0.76923076923077
0.66503206337231 0.82051282051282
0.66540927951716 0.85897435897436
0.66578649566201 0.88461538461538
0.66616371180687 0.8974358974359
0.66654092795172 0.8974358974359
0.66691814409657 0.91025641025641
0.66729536024142 0.91025641025641
0.66767257638627 0.94871794871795
0.66804979253112 0.96153846153846
0.66842700867597 0.97435897435897
0.66880422482082 0.98717948717949
0.66918144096567 0.98717948717949
0.66955865711052 0.98717948717949
0.66993587325538 0.98717948717949
0.67031308940023 0.98717948717949
0.67069030554508 0.97435897435897
0.67106752168993 0.96153846153846
0.67144473783478 0.92307692307692
0.67182195397963 0.80769230769231
0.67219917012448 0.79487179487179
0.67257638626933 0.84615384615385
0.67295360241418 0.85897435897436
0.67333081855903 0.84615384615385
0.67370803470389 0.57692307692308
0.67408525084874 0.26923076923077
0.67446246699359 0.076923076923077
0.67483968313844 0.11538461538462
0.67521689928329 0.17948717948718
0.67559411542814 0.25641025641026
0.67597133157299 0.30769230769231
0.67634854771784 0.35897435897436
0.67672576386269 0.3974358974359
0.67710298000754 0.42307692307692
0.6774801961524 0.46153846153846
0.67785741229725 0.48717948717949
0.6782346284421 0.56410256410256
0.67861184458695 0.73076923076923
0.6789890607318 0.84615384615385
0.67936627687665 0.87179487179487
0.6797434930215 0.88461538461538
0.68012070916635 0.8974358974359
0.6804979253112 0.8974358974359
0.68087514145605 0.91025641025641
0.68125235760091 0.91025641025641
0.68162957374576 0.91025641025641
0.68200678989061 0.93589743589744
0.68238400603546 0.96153846153846
0.68276122218031 0.97435897435897
0.68313843832516 0.98717948717949
0.68351565447001 0.98717948717949
0.68389287061486 0.98717948717949
0.68427008675971 0.98717948717949
0.68464730290456 0.97435897435897
0.68502451904942 0.96153846153846
0.68540173519427 0.93589743589744
0.68577895133912 0.83333333333333
0.68615616748397 0.76923076923077
0.68653338362882 0.82051282051282
0.68691059977367 0.83333333333333
0.68728781591852 0.82051282051282
0.68766503206337 0.41025641025641
0.68804224820822 0.064102564102564
0.68841946435307 0.076923076923077
0.68879668049793 0.12820512820513
0.68917389664278 0.16666666666667
0.68955111278763 0.21794871794872
0.68992832893248 0.26923076923077
0.69030554507733 0.32051282051282
0.69068276122218 0.37179487179487
0.69105997736703 0.41025641025641
0.69143719351188 0.46153846153846
0.69181440965673 0.55128205128205
0.69219162580158 0.65384615384615
0.69256884194644 0.75641025641026
0.69294605809129 0.83333333333333
0.69332327423614 0.85897435897436
0.69370049038099 0.88461538461538
0.69407770652584 0.8974358974359
0.69445492267069 0.91025641025641
0.69483213881554 0.91025641025641
0.69520935496039 0.91025641025641
0.69558657110524 0.92307692307692
0.69596378725009 0.94871794871795
0.69634100339495 0.96153846153846
0.6967182195398 0.97435897435897
0.69709543568465 0.98717948717949
0.6974726518295 0.98717948717949
0.69784986797435 0.98717948717949
0.6982270841192 0.98717948717949
0.69860430026405 0.98717948717949
0.6989815164089 0.97435897435897
0.69935873255375 0.94871794871795
0.6997359486986 0.91025641025641
0.70011316484346 0.75641025641026
0.70049038098831 0.80769230769231
0.70086759713316 0.83333333333333
0.70124481327801 0.82051282051282
0.70162202942286 0.62820512820513
0.70199924556771 0.33333333333333
0.70237646171256 0.051282051282051
0.70275367785741 0.076923076923077
0.70313089400226 0.12820512820513
0.70350811014711 0.16666666666667
0.70388532629197 0.21794871794872
0.70426254243682 0.24358974358974
0.70463975858167 0.28205128205128
0.70501697472652 0.32051282051282
0.70539419087137 0.37179487179487
0.70577140701622 0.44871794871795
0.70614862316107 0.57692307692308
0.70652583930592 0.69230769230769
0.70690305545077 0.83333333333333
0.70728027159562 0.85897435897436
0.70765748774048 0.88461538461538
0.70803470388533 0.8974358974359
0.70841192003018 0.8974358974359
0.70878913617503 0.91025641025641
0.70916635231988 0.92307692307692
0.70954356846473 0.92307692307692
0.70992078460958 0.93589743589744
0.71029800075443 0.96153846153846
0.71067521689928 0.98717948717949
0.71105243304413 0.98717948717949
0.71142964918899 0.98717948717949
0.71180686533384 0.98717948717949
0.71218408147869 0.98717948717949
0.71256129762354 0.97435897435897
0.71293851376839 0.94871794871795
0.71331572991324 0.92307692307692
0.71369294605809 0.83333333333333
0.71407016220294 0.75641025641026
0.71444737834779 0.80769230769231
0.71482459449264 0.83333333333333
0.7152018106375 0.82051282051282
0.71557902678235 0.70512820512821
0.7159562429272 0.41025641025641
0.71633345907205 0.064102564102564
0.7167106752169 0.1025641025641
0.71708789136175 0.14102564102564
0.7174651075066 0.19230769230769
0.71784232365145 0.23076923076923
0.7182195397963 0.26923076923077
0.71859675594115 0.32051282051282
0.71897397208601 0.38461538461538
0.71935118823086 0.46153846153846
0.71972840437571 0.56410256410256
0.72010562052056 0.70512820512821
0.72048283666541 0.78205128205128
0.72086005281026 0.82051282051282
0.72123726895511 0.85897435897436
0.72161448509996 0.87179487179487
0.72199170124481 0.8974358974359
0.72236891738966 0.8974358974359
0.72274613353452 0.91025641025641
0.72312334967937 0.92307692307692
0.72350056582422 0.94871794871795
0.72387778196907 0.96153846153846
0.72425499811392 0.97435897435897
0.72463221425877 0.98717948717949
0.72500943040362 0.98717948717949
0.72538664654847 0.98717948717949
0.72576386269332 0.98717948717949
0.72614107883817 0.98717948717949
0.72651829498303 0.98717948717949
0.72689551112788 0.96153846153846
0.72727272727273 0.92307692307692
0.72764994341758 0.75641025641026
0.72802715956243 0.82051282051282
0.72840437570728 0.84615384615385
0.72878159185213 0.83333333333333
0.72915880799698 0.64102564102564
0.72953602414183 0.33333333333333
0.72991324028668 0.051282051282051
0.73029045643154 0.076923076923077
0.73066767257639 0.12820512820513
0.73104488872124 0.17948717948718
0.73142210486609 0.23076923076923
0.73179932101094 0.28205128205128
0.73217653715579 0.33333333333333
0.73255375330064 0.38461538461538
0.73293096944549 0.43589743589744
0.73330818559034 0.48717948717949
0.73368540173519 0.53846153846154
0.73406261788005 0.65384615384615
0.7344398340249 0.79487179487179
0.73481705016975 0.84615384615385
0.7351942663146 0.85897435897436
0.73557148245945 0.88461538461538
0.7359486986043 0.8974358974359
0.73632591474915 0.91025641025641
0.736703130894 0.92307692307692
0.73708034703885 0.92307692307692
0.7374575631837 0.94871794871795
0.73783477932856 0.96153846153846
0.73821199547341 0.97435897435897
0.73858921161826 0.98717948717949
0.73896642776311 0.98717948717949
0.73934364390796 0.98717948717949
0.73972086005281 0.98717948717949
0.74009807619766 0.98717948717949
0.74047529234251 0.97435897435897
0.74085250848736 0.94871794871795
0.74122972463221 0.84615384615385
0.74160694077707 0.76923076923077
0.74198415692192 0.82051282051282
0.74236137306677 0.82051282051282
0.74273858921162 0.78205128205128
0.74311580535647 0.48717948717949
0.74349302150132 0.19230769230769
0.74387023764617 0.038461538461538
0.74424745379102 0.051282051282051
0.74462466993587 0.08974358974359
0.74500188608072 0.14102564102564
0.74537910222558 0.16666666666667
0.74575631837043 0.20512820512821
0.74613353451528 0.24358974358974
0.74651075066013 0.28205128205128
0.74688796680498 0.33333333333333
0.74726518294983 0.3974358974359
0.74764239909468 0.48717948717949
0.74801961523953 0.61538461538462
0.74839683138438 0.74358974358974
0.74877404752923 0.83333333333333
0.74915126367409 0.87179487179487
0.74952847981894 0.88461538461538
0.74990569596379 0.8974358974359
0.75028291210864 0.91025641025641
0.75066012825349 0.91025641025641
0.75103734439834 0.92307692307692
0.75141456054319 0.93589743589744
0.75179177668804 0.96153846153846
0.75216899283289 0.97435897435897
0.75254620897774 0.98717948717949
0.7529234251226 0.98717948717949
0.75330064126745 0.98717948717949
0.7536778574123 0.98717948717949
0.75405507355715 0.97435897435897
0.754432289702 0.96153846153846
0.75480950584685 0.93589743589744
0.7551867219917 0.85897435897436
0.75556393813655 0.74358974358974
0.7559411542814 0.82051282051282
0.75631837042625 0.82051282051282
0.75669558657111 0.82051282051282
0.75707280271596 0.56410256410256
0.75745001886081 0.25641025641026
0.75782723500566 0.076923076923077
0.75820445115051 0.051282051282051
0.75858166729536 0.076923076923077
0.75895888344021 0.12820512820513
0.75933609958506 0.19230769230769
0.75971331572991 0.26923076923077
0.76009053187476 0.32051282051282
0.76046774801962 0.37179487179487
0.76084496416447 0.42307692307692
0.76122218030932 0.46153846153846
0.76159939645417 0.51282051282051
0.76197661259902 0.62820512820513
0.76235382874387 0.74358974358974
0.76273104488872 0.84615384615385
0.76310826103357 0.87179487179487
0.76348547717842 0.88461538461538
0.76386269332327 0.8974358974359
0.76423990946813 0.91025641025641
0.76461712561298 0.91025641025641
0.76499434175783 0.91025641025641
0.76537155790268 0.93589743589744
0.76574877404753 0.96153846153846
0.76612599019238 0.97435897435897
0.76650320633723 0.98717948717949
0.76688042248208 0.98717948717949
0.76725763862693 0.98717948717949
0.76763485477178 0.98717948717949
0.76801207091664 0.98717948717949
0.76838928706149 0.97435897435897
0.76876650320634 0.94871794871795
0.76914371935119 0.88461538461538
0.76952093549604 0.76923076923077
0.76989815164089 0.80769230769231
0.77027536778574 0.82051282051282
0.77065258393059 0.82051282051282
0.77102980007544 0.6025641025641
0.77140701622029 0.26923076923077
0.77178423236515 0.051282051282051
0.77216144851 0.076923076923077
0.77253866465485 0.14102564102564
0.7729158807997 0.17948717948718
0.77329309694455 0.21794871794872
0.7736703130894 0.25641025641026
0.77404752923425 0.29487179487179
0.7744247453791 0.34615384615385
0.77480196152395 0.3974358974359
0.7751791776688 0.44871794871795
0.77555639381366 0.52564102564103
0.77593360995851 0.66666666666667
0.77631082610336 0.83333333333333
0.77668804224821 0.85897435897436
0.77706525839306 0.88461538461538
0.77744247453791 0.8974358974359
0.77781969068276 0.91025641025641
0.77819690682761 0.91025641025641
0.77857412297246 0.92307692307692
0.77895133911731 0.93589743589744
0.77932855526217 0.94871794871795
0.77970577140702 0.97435897435897
0.78008298755187 0.98717948717949
0.78046020369672 0.98717948717949
0.78083741984157 0.98717948717949
0.78121463598642 0.98717948717949
0.78159185213127 0.98717948717949
0.78196906827612 0.98717948717949
0.78234628442097 0.98717948717949
0.78272350056582 0.96153846153846
0.78310071671068 0.94871794871795
0.78347793285553 0.75641025641026
0.78385514900038 0.80769230769231
0.78423236514523 0.83333333333333
0.78460958129008 0.82051282051282
0.78498679743493 0.62820512820513
0.78536401357978 0.33333333333333
0.78574122972463 0.051282051282051
0.78611844586948 0.08974358974359
0.78649566201433 0.14102564102564
0.78687287815919 0.19230769230769
0.78725009430404 0.24358974358974
0.78762731044889 0.29487179487179
0.78800452659374 0.34615384615385
0.78838174273859 0.3974358974359
0.78875895888344 0.44871794871795
0.78913617502829 0.52564102564103
0.78951339117314 0.6025641025641
0.78989060731799 0.67948717948718
0.79026782346284 0.76923076923077
0.7906450396077 0.85897435897436
0.79102225575255 0.88461538461538
0.7913994718974 0.8974358974359
0.79177668804225 0.91025641025641
0.7921539041871 0.92307692307692
0.79253112033195 0.93589743589744
0.7929083364768 0.93589743589744
0.79328555262165 0.94871794871795
0.7936627687665 0.96153846153846
0.79403998491135 0.97435897435897
0.79441720105621 0.98717948717949
0.79479441720106 0.98717948717949
0.79517163334591 0.98717948717949
0.79554884949076 0.98717948717949
0.79592606563561 0.98717948717949
0.79630328178046 0.98717948717949
0.79668049792531 0.96153846153846
0.79705771407016 0.94871794871795
0.79743493021501 0.84615384615385
0.79781214635986 0.80769230769231
0.79818936250472 0.84615384615385
0.79856657864957 0.84615384615385
0.79894379479442 0.66666666666667
0.79932101093927 0.20512820512821
0.79969822708412 0.051282051282051
0.80007544322897 0.1025641025641
0.80045265937382 0.16666666666667
0.80082987551867 0.21794871794872
0.80120709166352 0.26923076923077
0.80158430780837 0.30769230769231
0.80196152395323 0.35897435897436
0.80233874009808 0.38461538461538
0.80271595624293 0.42307692307692
0.80309317238778 0.47435897435897
0.80347038853263 0.57692307692308
0.80384760467748 0.67948717948718
0.80422482082233 0.79487179487179
0.80460203696718 0.84615384615385
0.80497925311203 0.87179487179487
0.80535646925688 0.88461538461538
0.80573368540174 0.8974358974359
0.80611090154659 0.91025641025641
0.80648811769144 0.91025641025641
0.80686533383629 0.91025641025641
0.80724254998114 0.93589743589744
0.80761976612599 0.96153846153846
0.80799698227084 0.97435897435897
0.80837419841569 0.98717948717949
0.80875141456054 0.98717948717949
0.80912863070539 0.98717948717949
0.80950584685025 0.98717948717949
0.8098830629951 0.98717948717949
0.81026027913995 0.97435897435897
0.8106374952848 0.94871794871795
0.81101471142965 0.92307692307692
0.8113919275745 0.80769230769231
0.81176914371935 0.79487179487179
0.8121463598642 0.84615384615385
0.81252357600905 0.84615384615385
0.8129007921539 0.80769230769231
0.81327800829876 0.47435897435897
0.81365522444361 0.15384615384615
0.81403244058846 0.076923076923077
0.81440965673331 0.11538461538462
0.81478687287816 0.15384615384615
0.81516408902301 0.20512820512821
0.81554130516786 0.25641025641026
0.81591852131271 0.30769230769231
0.81629573745756 0.35897435897436
0.81667295360241 0.41025641025641
0.81705016974727 0.46153846153846
0.81742738589212 0.51282051282051
0.81780460203697 0.57692307692308
0.81818181818182 0.67948717948718
0.81855903432667 0.80769230769231
0.81893625047152 0.84615384615385
0.81931346661637 0.87179487179487
0.81969068276122 0.88461538461538
0.82006789890607 0.8974358974359
0.82044511505092 0.91025641025641
0.82082233119578 0.91025641025641
0.82119954734063 0.93589743589744
0.82157676348548 0.94871794871795
0.82195397963033 0.97435897435897
0.82233119577518 0.98717948717949
0.82270841192003 0.98717948717949
0.82308562806488 0.98717948717949
0.82346284420973 0.98717948717949
0.82384006035458 0.98717948717949
0.82421727649943 0.98717948717949
0.82459449264429 0.97435897435897
0.82497170878914 0.93589743589744
0.82534892493399 0.84615384615385
0.82572614107884 0.78205128205128
0.82610335722369 0.84615384615385
0.82648057336854 0.84615384615385
0.82685778951339 0.84615384615385
0.82723500565824 0.56410256410256
0.82761222180309 0.33333333333333
0.82798943794794 0.15384615384615
0.8283666540928 0.038461538461538
0.82874387023765 0.076923076923077
0.8291210863825 0.15384615384615
0.82949830252735 0.24358974358974
0.8298755186722 0.30769230769231
0.83025273481705 0.34615384615385
0.8306299509619 0.38461538461538
0.83100716710675 0.42307692307692
0.8313843832516 0.44871794871795
0.83176159939645 0.51282051282051
0.83213881554131 0.61538461538462
0.83251603168616 0.71794871794872
0.83289324783101 0.82051282051282
0.83327046397586 0.84615384615385
0.83364768012071 0.87179487179487
0.83402489626556 0.88461538461538
0.83440211241041 0.8974358974359
0.83477932855526 0.91025641025641
0.83515654470011 0.92307692307692
0.83553376084496 0.94871794871795
0.83591097698982 0.96153846153846
0.83628819313467 0.98717948717949
0.83666540927952 0.98717948717949
0.83704262542437 0.98717948717949
0.83741984156922 0.98717948717949
0.83779705771407 0.98717948717949
0.83817427385892 0.98717948717949
0.83855149000377 0.97435897435897
0.83892870614862 0.94871794871795
0.83930592229347 0.92307692307692
0.83968313843833 0.87179487179487
0.84006035458318 0.82051282051282
0.84043757072803 0.76923076923077
0.84081478687288 0.71794871794872
0.84119200301773 0.66666666666667
0.84156921916258 0.64102564102564
0.84194643530743 0.62820512820513
0.84232365145228 0.71794871794872
0.84270086759713 0.80769230769231
0.84307808374198 0.82051282051282
0.84345529988684 0.82051282051282
0.84383251603169 0.57692307692308
0.84420973217654 0.20512820512821
0.84458694832139 0.076923076923077
0.84496416446624 0.051282051282051
0.84534138061109 0.08974358974359
0.84571859675594 0.12820512820513
0.84609581290079 0.16666666666667
0.84647302904564 0.21794871794872
0.84685024519049 0.26923076923077
0.84722746133535 0.30769230769231
0.8476046774802 0.34615384615385
0.84798189362505 0.37179487179487
0.8483591097699 0.41025641025641
0.84873632591475 0.47435897435897
0.8491135420596 0.56410256410256
0.84949075820445 0.67948717948718
0.8498679743493 0.80769230769231
0.85024519049415 0.84615384615385
0.850622406639 0.87179487179487
0.85099962278386 0.8974358974359
0.85137683892871 0.91025641025641
0.85175405507356 0.91025641025641
0.85213127121841 0.92307692307692
0.85250848736326 0.92307692307692
0.85288570350811 0.94871794871795
0.85326291965296 0.96153846153846
0.85364013579781 0.97435897435897
0.85401735194266 0.98717948717949
0.85439456808751 0.98717948717949
0.85477178423237 0.98717948717949
0.85514900037722 0.98717948717949
0.85552621652207 0.98717948717949
0.85590343266692 0.96153846153846
0.85628064881177 0.92307692307692
0.85665786495662 0.85897435897436
0.85703508110147 0.78205128205128
0.85741229724632 0.71794871794872
0.85778951339117 0.67948717948718
0.85816672953602 0.65384615384615
0.85854394568088 0.62820512820513
0.85892116182573 0.62820512820513
0.85929837797058 0.71794871794872
0.85967559411543 0.80769230769231
0.86005281026028 0.82051282051282
0.86043002640513 0.82051282051282
0.86080724254998 0.61538461538462
0.86118445869483 0.29487179487179
0.86156167483968 0.038461538461538
0.86193889098453 0.08974358974359
0.86231610712939 0.14102564102564
0.86269332327424 0.19230769230769
0.86307053941909 0.24358974358974
0.86344775556394 0.28205128205128
0.86382497170879 0.33333333333333
0.86420218785364 0.38461538461538
0.86457940399849 0.43589743589744
0.86495662014334 0.5
0.86533383628819 0.57692307692308
0.86571105243304 0.78205128205128
0.8660882685779 0.80769230769231
0.86646548472275 0.83333333333333
0.8668427008676 0.84615384615385
0.86721991701245 0.87179487179487
0.8675971331573 0.88461538461538
0.86797434930215 0.88461538461538
0.868351565447 0.8974358974359
0.86872878159185 0.91025641025641
0.8691059977367 0.93589743589744
0.86948321388155 0.94871794871795
0.86986043002641 0.96153846153846
0.87023764617126 0.97435897435897
0.87061486231611 0.98717948717949
0.87099207846096 0.98717948717949
0.87136929460581 0.98717948717949
0.87174651075066 0.98717948717949
0.87212372689551 0.97435897435897
0.87250094304036 0.96153846153846
0.87287815918521 0.92307692307692
0.87325537533006 0.76923076923077
0.87363259147492 0.82051282051282
0.87400980761977 0.83333333333333
0.87438702376462 0.83333333333333
0.87476423990947 0.28205128205128
0.87514145605432 0.1025641025641
0.87551867219917 0.051282051282051
0.87589588834402 0.08974358974359
0.87627310448887 0.12820512820513
0.87665032063372 0.20512820512821
0.87702753677857 0.26923076923077
0.87740475292343 0.33333333333333
0.87778196906828 0.37179487179487
0.87815918521313 0.42307692307692
0.87853640135798 0.46153846153846
0.87891361750283 0.51282051282051
0.87929083364768 0.58974358974359
0.87966804979253 0.78205128205128
0.88004526593738 0.82051282051282
0.88042248208223 0.85897435897436
0.88079969822708 0.87179487179487
0.88117691437194 0.88461538461538
0.88155413051679 0.8974358974359
0.88193134666164 0.91025641025641
0.88230856280649 0.91025641025641
0.88268577895134 0.92307692307692
0.88306299509619 0.93589743589744
0.88344021124104 0.96153846153846
0.88381742738589 0.97435897435897
0.88419464353074 0.98717948717949
0.88457185967559 0.98717948717949
0.88494907582045 0.98717948717949
0.8853262919653 0.97435897435897
0.88570350811015 0.96153846153846
0.886080724255 0.92307692307692
0.88645794039985 0.82051282051282
0.8868351565447 0.74358974358974
0.88721237268955 0.80769230769231
0.8875895888344 0.83333333333333
0.88796680497925 0.82051282051282
0.8883440211241 0.73076923076923
0.88872123726896 0.48717948717949
0.88909845341381 0.051282051282051
0.88947566955866 0.051282051282051
0.88985288570351 0.08974358974359
0.89023010184836 0.11538461538462
0.89060731799321 0.21794871794872
0.89098453413806 0.26923076923077
0.89136175028291 0.32051282051282
0.89173896642776 0.35897435897436
0.89211618257261 0.38461538461538
0.89249339871747 0.41025641025641
0.89287061486232 0.52564102564103
0.89324783100717 0.64102564102564
0.89362504715202 0.76923076923077
0.89400226329687 0.82051282051282
0.89437947944172 0.85897435897436
0.89475669558657 0.87179487179487
0.89513391173142 0.88461538461538
0.89551112787627 0.8974358974359
0.89588834402112 0.91025641025641
0.89626556016598 0.92307692307692
0.89664277631083 0.93589743589744
0.89701999245568 0.96153846153846
0.89739720860053 0.97435897435897
0.89777442474538 0.98717948717949
0.89815164089023 0.98717948717949
0.89852885703508 0.98717948717949
0.89890607317993 0.98717948717949
0.89928328932478 0.98717948717949
0.89966050546963 0.98717948717949
0.90003772161449 0.96153846153846
0.90041493775934 0.93589743589744
0.90079215390419 0.75641025641026
0.90116937004904 0.78205128205128
0.90154658619389 0.83333333333333
0.90192380233874 0.83333333333333
0.90230101848359 0.65384615384615
0.90267823462844 0.32051282051282
0.90305545077329 0.14102564102564
0.90343266691814 0.038461538461538
0.903809883063 0.064102564102564
0.90418709920785 0.1025641025641
0.9045643153527 0.15384615384615
0.90494153149755 0.20512820512821
0.9053187476424 0.25641025641026
0.90569596378725 0.30769230769231
0.9060731799321 0.35897435897436
0.90645039607695 0.41025641025641
0.9068276122218 0.46153846153846
0.90720482836665 0.52564102564103
0.90758204451151 0.61538461538462
0.90795926065636 0.75641025641026
0.90833647680121 0.84615384615385
0.90871369294606 0.87179487179487
0.90909090909091 0.88461538461538
0.90946812523576 0.8974358974359
0.90984534138061 0.91025641025641
0.91022255752546 0.91025641025641
0.91059977367031 0.92307692307692
0.91097698981516 0.93589743589744
0.91135420596002 0.94871794871795
0.91173142210487 0.97435897435897
0.91210863824972 0.97435897435897
0.91248585439457 0.98717948717949
0.91286307053942 0.98717948717949
0.91324028668427 0.98717948717949
0.91361750282912 0.98717948717949
0.91399471897397 0.97435897435897
0.91437193511882 0.94871794871795
0.91474915126367 0.92307692307692
0.91512636740853 0.75641025641026
0.91550358355338 0.78205128205128
0.91588079969823 0.82051282051282
0.91625801584308 0.83333333333333
0.91663523198793 0.82051282051282
0.91701244813278 0.17948717948718
0.91738966427763 0.051282051282051
0.91776688042248 0.08974358974359
0.91814409656733 0.14102564102564
0.91852131271218 0.17948717948718
0.91889852885704 0.20512820512821
0.91927574500189 0.24358974358974
0.91965296114674 0.28205128205128
0.92003017729159 0.32051282051282
0.92040739343644 0.37179487179487
0.92078460958129 0.43589743589744
0.92116182572614 0.53846153846154
0.92153904187099 0.66666666666667
0.92191625801584 0.78205128205128
0.92229347416069 0.84615384615385
0.92267069030555 0.87179487179487
0.9230479064504 0.88461538461538
0.92342512259525 0.8974358974359
0.9238023387401 0.91025641025641
0.92417955488495 0.91025641025641
0.9245567710298 0.93589743589744
0.92493398717465 0.94871794871795
0.9253112033195 0.96153846153846
0.92568841946435 0.97435897435897
0.9260656356092 0.98717948717949
0.92644285175406 0.98717948717949
0.92682006789891 0.98717948717949
0.92719728404376 0.98717948717949
0.92757450018861 0.97435897435897
0.92795171633346 0.96153846153846
0.92832893247831 0.92307692307692
0.92870614862316 0.79487179487179
0.92908336476801 0.78205128205128
0.92946058091286 0.82051282051282
0.92983779705771 0.82051282051282
0.93021501320257 0.71794871794872
0.93059222934742 0.48717948717949
0.93096944549227 0.25641025641026
0.93134666163712 0.064102564102564
0.93172387778197 0.1025641025641
0.93210109392682 0.14102564102564
0.93247831007167 0.21794871794872
0.93285552621652 0.24358974358974
0.93323274236137 0.28205128205128
0.93360995850622 0.30769230769231
0.93398717465108 0.35897435897436
0.93436439079593 0.41025641025641
0.93474160694078 0.46153846153846
0.93511882308563 0.57692307692308
0.93549603923048 0.70512820512821
0.93587325537533 0.80769230769231
0.93625047152018 0.84615384615385
0.93662768766503 0.87179487179487
0.93700490380988 0.8974358974359
0.93738211995473 0.91025641025641
0.93775933609959 0.91025641025641
0.93813655224444 0.92307692307692
0.93851376838929 0.92307692307692
0.93889098453414 0.94871794871795
0.93926820067899 0.97435897435897
0.93964541682384 0.98717948717949
0.94002263296869 0.98717948717949
0.94039984911354 0.98717948717949
0.94077706525839 0.98717948717949
0.94115428140324 0.98717948717949
0.9415314975481 0.97435897435897
0.94190871369295 0.96153846153846
0.9422859298378 0.93589743589744
0.94266314598265 0.87179487179487
0.9430403621275 0.79487179487179
0.94341757827235 0.84615384615385
0.9437947944172 0.84615384615385
0.94417201056205 0.78205128205128
0.9445492267069 0.41025641025641
0.94492644285175 0.1025641025641
0.94530365899661 0.038461538461538
0.94568087514146 0.064102564102564
0.94605809128631 0.11538461538462
0.94643530743116 0.17948717948718
0.94681252357601 0.26923076923077
0.94718973972086 0.32051282051282
0.94756695586571 0.37179487179487
0.94794417201056 0.3974358974359
0.94832138815541 0.43589743589744
0.94869860430026 0.51282051282051
0.94907582044512 0.6025641025641
0.94945303658997 0.69230769230769
0.94983025273482 0.82051282051282
0.95020746887967 0.85897435897436
0.95058468502452 0.88461538461538
0.95096190116937 0.8974358974359
0.95133911731422 0.8974358974359
0.95171633345907 0.91025641025641
0.95209354960392 0.91025641025641
0.95247076574877 0.93589743589744
0.95284798189363 0.94871794871795
0.95322519803848 0.97435897435897
0.95360241418333 0.97435897435897
0.95397963032818 0.98717948717949
0.95435684647303 0.98717948717949
0.95473406261788 0.98717948717949
0.95511127876273 0.97435897435897
0.95548849490758 0.97435897435897
0.95586571105243 0.94871794871795
0.95624292719728 0.91025641025641
0.95662014334214 0.80769230769231
0.95699735948699 0.78205128205128
0.95737457563184 0.82051282051282
0.95775179177669 0.82051282051282
0.95812900792154 0.70512820512821
0.95850622406639 0.41025641025641
0.95888344021124 0.12820512820513
0.95926065635609 0.038461538461538
0.95963787250094 0.064102564102564
0.96001508864579 0.1025641025641
0.96039230479065 0.15384615384615
0.9607695209355 0.23076923076923
0.96114673708035 0.28205128205128
0.9615239532252 0.33333333333333
0.96190116937005 0.37179487179487
0.9622783855149 0.41025641025641
0.96265560165975 0.44871794871795
0.9630328178046 0.52564102564103
0.96341003394945 0.65384615384615
0.9637872500943 0.79487179487179
0.96416446623916 0.84615384615385
0.96454168238401 0.87179487179487
0.96491889852886 0.88461538461538
0.96529611467371 0.8974358974359
0.96567333081856 0.91025641025641
0.96605054696341 0.91025641025641
0.96642776310826 0.92307692307692
0.96680497925311 0.94871794871795
0.96718219539796 0.96153846153846
0.96755941154281 0.97435897435897
0.96793662768767 0.98717948717949
0.96831384383252 0.98717948717949
0.96869105997737 0.98717948717949
0.96906827612222 0.98717948717949
0.96944549226707 0.97435897435897
0.96982270841192 0.96153846153846
0.97019992455677 0.92307692307692
0.97057714070162 0.82051282051282
0.97095435684647 0.79487179487179
0.97133157299132 0.84615384615385
0.97170878913617 0.84615384615385
0.97208600528103 0.71794871794872
0.97246322142588 0.3974358974359
0.97284043757073 0.076923076923077
0.97321765371558 0.051282051282051
0.97359486986043 0.076923076923077
0.97397208600528 0.12820512820513
0.97434930215013 0.16666666666667
0.97472651829498 0.25641025641026
0.97510373443983 0.32051282051282
0.97548095058468 0.37179487179487
0.97585816672954 0.41025641025641
0.97623538287439 0.44871794871795
0.97661259901924 0.48717948717949
0.97698981516409 0.57692307692308
0.97736703130894 0.65384615384615
0.97774424745379 0.74358974358974
0.97812146359864 0.83333333333333
0.97849867974349 0.87179487179487
0.97887589588834 0.88461538461538
0.97925311203319 0.8974358974359
0.97963032817805 0.91025641025641
0.9800075443229 0.91025641025641
0.98038476046775 0.92307692307692
0.9807619766126 0.94871794871795
0.98113919275745 0.96153846153846
0.9815164089023 0.97435897435897
0.98189362504715 0.98717948717949
0.982270841192 0.98717948717949
0.98264805733685 0.98717948717949
0.9830252734817 0.98717948717949
0.98340248962656 0.97435897435897
0.98377970577141 0.96153846153846
0.98415692191626 0.93589743589744
0.98453413806111 0.76923076923077
0.98491135420596 0.79487179487179
0.98528857035081 0.83333333333333
0.98566578649566 0.83333333333333
0.98604300264051 0.78205128205128
0.98642021878536 0.48717948717949
0.98679743493021 0.19230769230769
0.98717465107507 0.051282051282051
0.98755186721992 0.1025641025641
0.98792908336477 0.14102564102564
0.98830629950962 0.19230769230769
0.98868351565447 0.23076923076923
0.98906073179932 0.28205128205128
0.98943794794417 0.32051282051282
0.98981516408902 0.3974358974359
0.99019238023387 0.47435897435897
0.99056959637872 0.57692307692308
0.99094681252358 0.67948717948718
0.99132402866843 0.78205128205128
0.99170124481328 0.83333333333333
0.99207846095813 0.85897435897436
0.99245567710298 0.87179487179487
0.99283289324783 0.8974358974359
0.99321010939268 0.8974358974359
0.99358732553753 0.91025641025641
0.99396454168238 0.91025641025641
0.99434175782723 0.93589743589744
0.99471897397209 0.96153846153846
0.99509619011694 0.97435897435897
0.99547340626179 0.98717948717949
0.99585062240664 0.98717948717949
0.99622783855149 0.98717948717949
0.99660505469634 0.98717948717949
0.99698227084119 0.98717948717949
0.99735948698604 0.97435897435897
0.99773670313089 0.96153846153846
0.99811391927574 0.93589743589744
0.9984911354206 0.87179487179487
0.99886835156545 0.79487179487179
0.9992455677103 0.84615384615385
0.99962278385515 0.85897435897436
1 0.84615384615385
